Note: [none]
Total # of Iterations:	1500	
Sample size:	100550	
Maximum likelihood:	# Parameters:	AIC corr:	AIC:	Slope:	R2:
-93892.08	71	187926.3	187926.2	0.9925114	0.2441597	
Model:	model_5BN
PDF:	User-defined function
Support interval range:	2

Varying parameters:
Label	MLE	Lower S.I.	Upper S.I.	Std Err	Lower Bound	Upper Bound	Final step size
PG1	9.875953	9.678434	9.974713	N/A	0	250	0.3925622	
PG2	7.857406	7.621684	7.93598	N/A	0	250	0.3495288	
PG3	8.926859	8.837591	9.105396	N/A	0	250	0.476413	
PG4	13.23295	13.23295	13.49761	N/A	0	250	0.3834557	
PG5	10.56127	10.13882	10.66689	N/A	0	250	0.7755111	
PG6	12.39811	12.15014	12.77005	N/A	0	250	1.041964	
PG7	10.67874	10.25159	10.78552	N/A	0	250	0.7962527	
PG8	9.068501	8.615076	9.068501	N/A	0	250	0.6223031	
PG9	8.991234	8.901322	9.473252	N/A	0	250	0.5657602	
PG10	17.02273	16.51204	17.36318	N/A	0	250	0.7709416	
PG11	9.118081	9.0269	9.300442	N/A	0	250	0.3833312	
PG12	12.37033	11.99922	12.61774	N/A	0	250	1.00276	
PG13	12.93184	12.93184	13.5353	N/A	0	250	0.4509084	
PG14	15.63816	15.16902	15.95093	N/A	0	250	1.19682	
PG15	7.041048	6.970638	7.111459	N/A	0	250	0.3099785	
PG16	17.61165	16.90719	17.78777	N/A	0	250	0.916184	
PG17	8.554156	7.955365	8.639698	N/A	0	250	0.6549824	
PG18	12.57883	12.45305	12.83041	N/A	0	250	0.606752	
PG19	7.726005	7.571484	7.726005	N/A	0	250	0.3238008	
PG20	12.0716	11.3473	12.31303	N/A	0	250	1.161462	
PG21	8.585775	8.499917	8.671633	N/A	0	250	0.3824557	
PG22	7.973409	7.813941	7.973409	N/A	0	250	0.3476518	
PG23	9.161278	9.069665	9.25289	N/A	0	250	0.521274	
PG24	16.62253	16.29008	16.78875	N/A	0	250	0.7543995	
PG25	8.008634	8.008634	8.248893	N/A	0	250	0.4151675	
PG26	8.387795	8.387795	8.954898	N/A	0	250	0.5798642	
PG27	16.84004	16.50323	17.00844	N/A	0	250	0.9198255	
PG28	16.56856	16.56856	17.3668	N/A	0	250	1.215956	
PG29	16.86527	16.52797	16.86527	N/A	0	250	1.149985	
PG30	16.73932	16.40454	16.90672	N/A	0	250	0.7765035	
PG31	11.24693	10.79705	11.3594	N/A	0	250	0.7837836	
PG32	10.92693	10.70839	11.25474	N/A	0	250	0.9652234	
PG33	14.13847	13.43154	14.13847	N/A	0	250	0.3764178	
sizeX0	0.2760958	0.265052	0.2788568	N/A	0	100	0.02072541	
sizeXb	0.6033492	0.6033492	0.6033492	N/A	0	1	0.005336351	
ageX0	0.23831	0.23831	0.2406931	N/A	0	1	0.004786365	
int	0.1406037	0.1391976	0.1440069	N/A	0	100	0.006341587	
sigma	0.5070353	0.5070353	0.5070353	N/A	0	2	0.00673241	
alpha	0.9985729	0.9985729	0.9985729	N/A	0	4	0.01431953	
beta	0.5700396	0.5700396	0.5700396	N/A	0	3	0.006778728	
C	18.18627	18.18627	18.36813	N/A	0	1000	0.3862661	
gamma	0.4533481	0.4488147	0.4533481	N/A	-2	2	0.01036111	
D	1	1	1	N/A	1	3	1.52381	
lambda1	0.2310804	0.2102832	0.2603237	N/A	0	1	0.07449242	
lambda2	0.3833473	0.3411791	0.4611791	N/A	0	1	0.2365857	
lambda3	1	1	1	N/A	0	1	0.02183116	
lambda4	7.045095e-07	0	0.07741356	N/A	0	1	1	
lambda5	0.5698951	0.5414003	0.5927982	N/A	0	1	0.06293901	
lambda6	0.09050291	0	1	N/A	0	1	1	
temp.a.prime	1	1	1	N/A	0	1	0.9813032	
temp.lag.a.prime	0.6024365	0.5964122	0.6024365	N/A	0	1	0.02227218	
temp.b.prime	1849.537	18.98537	5000	N/A	0.5	5000	4999.5	
temp.lag.b.prime	4999.204	50.48204	5000	N/A	0.5	5000	4999.5	
temp.c.prime	278.506	275.3739	284.1562	N/A	275.3739	284.1562	8.782259	
temp.lag.c.prime	275.8235	275.3739	284.1562	N/A	275.3739	284.1562	8.782259	
temp.b	2.002309	1.952239	2.022332	N/A	0.5	5000	0.06161889	
temp.lag.b	4.286596	4.0594	4.429376	N/A	0.5	5000	0.7473744	
temp.c	0.606856	0.5825818	0.6327225	N/A	-1.541494	1.900179	0.1323725	
temp.lag.c	-1.541494	-1.541494	-1.491893	N/A	-1.541494	1.900179	3.441673	
prec.a.prime	0.1293572	0.12677	0.1293572	N/A	0	1	0.004108869	
prec.lag.a.prime	0.3661434	0.3661434	0.3661434	N/A	0	1	0.005481083	
prec.b.prime	377.8761	377.8761	377.8761	N/A	0.5	10000	6.45377	
prec.lag.b.prime	9711.131	0.5	10000	N/A	0.5	10000	9999.5	
prec.c.prime	412.767	412.767	412.767	N/A	0	582.3911	5.445608	
prec.lag.c.prime	410.0202	0	582.3911	N/A	0	582.3911	582.3911	
prec.b	330.8425	320.9272	334.1509	N/A	0.5	10000	19.13319	
prec.lag.b	599.2944	587.3185	611.2803	N/A	0.5	10000	47.95755	
prec.c	-265.8866	-265.8919	-259.2393	N/A	-265.8919	246.7986	248.3504	
prec.lag.c	-197.8618	-208.7571	-190.1475	N/A	-265.8919	246.7986	16.61857	
n.c	8.873845e-16	0	0.758368	N/A	0	40	32	
n.b	74.20702	66.78632	78.20702	N/A	0	200	150	

Non-varying parameters:
Label	Value
mean	predicted	
x	incr_mm	
siteplot	stdcode	
log	TRUE	


Annealing regime:
Initial temp	Rt	ns	nt
3	0.95	20	100

Variance - Covariance Matrix:
[could not be calculated - Hessian matrix is singular]

Source data
[Ommitted from results file]

Likelihood History
Iteration	Temperature	Likelihood
0	3	-93992.28	
0.5070423	3	-93965.73	
0.7323944	3	-93965.71	
0.7464789	3	-93965.7	
2	3	-93913.06	
22.01408	3	-93911.68	
119	3	-93911.45	
119.0845	3	-93910.42	
119.8451	3	-93910.31	
120.0563	3	-93910.25	
157.2817	3	-93909.65	
157.2958	3	-93909.43	
169.0845	3	-93907.88	
305.0563	3	-93907.76	
305.1408	3	-93907.43	
305.3099	3	-93906.36	
307.6197	3	-93904.15	
307.662	3	-93903.97	
308.2394	3	-93902.75	
308.2535	3	-93901.95	
308.2958	3	-93901.9	
308.3239	3	-93901.44	
308.338	3	-93897.87	
698.6197	3	-93896.38	
698.6479	3	-93896.38	
698.662	3	-93896.38	
698.6761	3	-93895.87	
698.7042	3	-93894.19	
921.3944	3	-93893.65	
921.4225	3	-93892.34	
1000	3	-93892.34	
1259.93	3	-93892.13	
1259.958	3	-93892.08	
