Note: [none]
Total # of Iterations:	25000	
Sample size:	100550	
Maximum likelihood:	# Parameters:	AIC corr:	AIC:	Slope:	R2:
-94343.3	61	188808.7	188808.6	0.9993006	0.2402359	
Model:	pg_size_age_nci_climate_model
PDF:	User-defined function
Support interval range:	2

Varying parameters:
Label	MLE	Lower S.I.	Upper S.I.	Std Err	Lower Bound	Upper Bound	Final step size
PG1	155.7382	154.1808	157.6234	N/A	0	250	5.125587	
PG2	129.6552	127.0621	130.9517	N/A	0	250	5.75493	
PG3	153.8641	150.7868	155.7868	N/A	0	250	6.040552	
PG4	202.3933	202.3933	206.4412	N/A	0	250	6.965666	
PG5	154.7155	151.6212	158.5268	N/A	0	250	5.65179	
PG6	200.1327	196.1301	208.138	N/A	0	250	12.41808	
PG7	151.7189	148.6846	153.6846	N/A	0	250	6.307102	
PG8	146.2978	144.8348	150.4459	N/A	0	250	5.452446	
PG9	132.6803	130.0267	135.0267	N/A	0	250	4.641189	
PG10	250	247.5	250	N/A	0	250	200	
PG11	157.0833	155.5124	160.7999	N/A	0	250	7.852357	
PG12	176.0834	172.5618	181.3659	N/A	0	250	4.597235	
PG13	173.2349	169.7702	174.9673	N/A	0	250	8.647411	
PG14	180.5074	175.0922	184.1175	N/A	0	250	10.41599	
PG15	114.5687	111.1316	115.7144	N/A	0	250	3.609322	
PG16	234.8554	225.4612	237.204	N/A	0	250	8.032635	
PG17	136.4291	132.3363	140.0648	N/A	0	250	6.813092	
PG18	166.5603	164.8947	169.8978	N/A	0	250	5.650575	
PG19	144.9259	142.0274	144.9259	N/A	0	250	5.548805	
PG20	139.6584	134.0721	144.0721	N/A	0	250	10.83598	
PG21	152.8446	151.3161	154.7877	N/A	0	250	5.818967	
PG22	100.9507	98.93171	100.9507	N/A	0	250	2.5384	
PG23	116.94	115.7706	118.1094	N/A	0	250	2.939403	
PG24	196.9318	192.9932	198.9011	N/A	0	250	6.126206	
PG25	147.8257	146.3474	149.8691	N/A	0	250	4.38544	
PG26	156.0176	152.8972	159.4574	N/A	0	250	8.845308	
PG27	191.525	189.6097	195.3555	N/A	0	250	5.6878	
PG28	192.6864	190.7595	196.5401	N/A	0	250	11.35764	
PG29	191.0243	189.114	192.9345	N/A	0	250	4.61445	
PG30	196.2894	194.3265	198.2523	N/A	0	250	5.78729	
PG31	182.6481	178.9951	188.1275	N/A	0	250	10.29009	
PG32	187.4105	185.5364	194.9069	N/A	0	250	10.93241	
PG33	216.3922	216.3922	222.884	N/A	0	250	4.191657	
sizeX0	4.538859	4.493471	4.584248	N/A	0	100	0.1868534	
sizeXb	0.5630625	0.5574318	0.5718012	N/A	0	1	0.02264912	
ageX0	0.2394983	0.2394983	0.2394983	N/A	0	1	0.003050354	
int	0.1388186	0.1360422	0.1408158	N/A	0	100	0.005583758	
sigma	0.5149316	0.5149316	0.5149316	N/A	0	2	0.005449175	
alpha	1.130283	1.130283	1.130283	N/A	0	4	0.007484772	
beta	0.5951632	0.5951632	0.5951632	N/A	0	3	0.004670878	
C	28.55669	28.55669	28.55669	N/A	0	1000	0.3192985	
gamma	0.3743537	0.369605	0.3780972	N/A	-2	2	0.007524903	
D	1	1	1	N/A	1	3	1.28	
lambda1	0.1780511	0.1584654	0.1980511	N/A	0	1	0.03325399	
lambda2	0.3141115	0.2638537	0.3584059	N/A	0	1	0.1029255	
lambda3	0.7938034	0.7938034	0.7938034	N/A	0	1	0.01100421	
lambda4	2.030773e-06	0	0.04867203	N/A	0	1	0.32	
lambda5	0.4716606	0.4480775	0.4927941	N/A	0	1	0.04608907	
lambda6	0.1584087	0	1	N/A	0	1	1	
temp.a	0.01514298	0.01484013	0.01553693	N/A	0	1	0.0006874824	
temp.lag.a	0.08315984	0.08315984	0.08315984	N/A	0	1	0.0005882934	
temp.b	1.811976	1.667018	1.848215	N/A	1	5000	0.1913242	
temp.lag.b	12.04575	11.82483	12.40712	N/A	1	5000	0.6842655	
temp.c	280.4202	280.4202	280.4202	N/A	275.3739	284.1562	0.1541208	
temp.lag.c	275.3739	275.3739	275.3739	N/A	275.3739	284.1562	5.018434	
prec.a	0.07522015	0.06393712	0.08412279	N/A	0	1	0.01528311	
prec.lag.a	0.2132946	0.2132946	0.2132946	N/A	0	1	0.001745515	
prec.b	35.18422	31.08211	39.52198	N/A	1	10000	3.678729	
prec.lag.b	3434.293	3365.627	3537.322	N/A	1	10000	92.20938	
prec.c	1937.826	1937.826	1937.826	N/A	372.2924	2064.072	8.137408	
prec.lag.c	2064.072	2030.236	2064.072	N/A	372.2924	2064.072	48.12172	

Non-varying parameters:
Label	Value
mean	predicted	
x	incr_mm	
siteplot	stdcode	
log	TRUE	


Annealing regime:
Initial temp	Rt	ns	nt
3	0.95	20	100

Variance - Covariance Matrix:
[could not be calculated - Hessian matrix is singular]

Source data
[Ommitted from results file]

Likelihood History
Iteration	Temperature	Likelihood
0	3	-402143.8	
0.06557377	3	-399908.8	
0.08196721	3	-397991.6	
0.1147541	3	-375706.2	
0.147541	3	-362794.9	
0.1639344	3	-362431.1	
0.2459016	3	-357066.8	
0.295082	3	-351276.2	
0.3606557	3	-317392.9	
0.4098361	3	-316859.3	
0.4590164	3	-312011.8	
0.5081967	3	-311864.1	
0.5245902	3	-311194.5	
0.5901639	3	-293084.9	
0.6393443	3	-225312.1	
0.6721311	3	-216205.5	
0.704918	3	-203955.8	
0.7377049	3	-203955.4	
0.7704918	3	-203878.7	
0.7868852	3	-203610.4	
0.852459	3	-200049.7	
0.8688525	3	-200049.5	
1	3	-175608.7	
1.032787	3	-174981.6	
1.065574	3	-172636.7	
1.098361	3	-172509.8	
1.114754	3	-168139.5	
1.245902	3	-165718.1	
1.295082	3	-162722.2	
1.377049	3	-161085.2	
1.459016	3	-160084.9	
1.491803	3	-158501.9	
1.508197	3	-158475.6	
1.57377	3	-156907.4	
1.704918	3	-151166.6	
1.819672	3	-146772.8	
2.065574	3	-146616.9	
2.081967	3	-146544.4	
2.163934	3	-146490.3	
2.180328	3	-146395	
2.229508	3	-146208	
2.295082	3	-145502.6	
2.311475	3	-144046.6	
2.327869	3	-144039.2	
2.360656	3	-134098	
2.52459	3	-132968.5	
2.57377	3	-132122.6	
2.721311	3	-131863	
2.737705	3	-131703.2	
2.770492	3	-131681.1	
2.836066	3	-131165.2	
2.852459	3	-131165.2	
2.901639	3	-131165.2	
3.081967	3	-130193	
3.098361	3	-129821.2	
3.147541	3	-129128.1	
3.163934	3	-128898.1	
3.180328	3	-128892.9	
3.245902	3	-128153.7	
3.360656	3	-127381.9	
3.459016	3	-126213.2	
3.491803	3	-125650.7	
3.52459	3	-125047.2	
3.688525	3	-124672.3	
3.770492	3	-124556.6	
4.032787	3	-124349.1	
4.065574	3	-123626	
4.147541	3	-121922.7	
4.245902	3	-120723.8	
4.360656	3	-118919.2	
4.57377	3	-118310.1	
4.639344	3	-117055	
4.770492	3	-117042.8	
5.032787	3	-116904.7	
5.081967	3	-116358.4	
5.131148	3	-116261.9	
5.147541	3	-116244.5	
5.245902	3	-116004.2	
5.360656	3	-112137.9	
5.377049	3	-108774.5	
5.459016	3	-107140.3	
5.672131	3	-107055.1	
5.721311	3	-106918.3	
5.770492	3	-106917.5	
5.852459	3	-106917.5	
5.901639	3	-106917.1	
5.918033	3	-106917.1	
6.081967	3	-106891.1	
6.245902	3	-105574.7	
6.377049	3	-103784.7	
6.409836	3	-103692.6	
6.491803	3	-103597.5	
6.721311	3	-103489.5	
6.770492	3	-103489.4	
6.852459	3	-103489.4	
6.885246	3	-103489.4	
7.016393	3	-103452.4	
7.327869	3	-103396.5	
7.459016	3	-103167.7	
7.770492	3	-103167.7	
7.852459	3	-103167.7	
7.868852	3	-103160.6	
8.147541	3	-103110.3	
8.229508	3	-102999	
8.311475	3	-102372.1	
8.540984	3	-102336.9	
8.737705	3	-102138.9	
8.852459	3	-102138.9	
9.081967	3	-102104.4	
9.42623	3	-102008.9	
9.57377	3	-101851	
9.770492	3	-101850.6	
9.852459	3	-101850.6	
9.983607	3	-101846	
10.31148	3	-101616.2	
10.4918	3	-101171.2	
10.72131	3	-101161.1	
10.7377	3	-100949.8	
10.90164	3	-100949.7	
10.91803	3	-100949.2	
11.14754	3	-100947.7	
11.32787	3	-100916.7	
11.4918	3	-100593.2	
11.72131	3	-100575.7	
11.77049	3	-100575.7	
11.93443	3	-100379.5	
11.98361	3	-100375.9	
12.27869	3	-100370.8	
12.77049	3	-100370.7	
12.85246	3	-100370.7	
12.90164	3	-100370.7	
12.95082	3	-100370.5	
13.21311	3	-100289	
13.37705	3	-100151.6	
13.72131	3	-100151	
13.7377	3	-100148.6	
13.77049	3	-100148.6	
14.18033	3	-100116.1	
16.01639	3	-100112.6	
16.11475	3	-100077.6	
16.34426	3	-99791.2	
16.72131	3	-99789.96	
16.85246	3	-99789.96	
17.70492	3	-99777.96	
18.7377	3	-99777.9	
18.85246	3	-99777.73	
19.72131	3	-99777.65	
19.7377	3	-99777.63	
19.77049	3	-99777.63	
20.09836	3	-99748.83	
20.32787	3	-99740.95	
20.5082	3	-99732.28	
20.54098	3	-99688.95	
20.72131	3	-99688.95	
20.85246	3	-99688.95	
20.86885	3	-99688.93	
20.90164	3	-99688.92	
20.93443	3	-99607.68	
21.03279	3	-99602.58	
21.04918	3	-99517.28	
21.57377	3	-99499.35	
21.63934	3	-99459.16	
21.72131	3	-99459.14	
21.77049	3	-99459.14	
22.06557	3	-99381.36	
22.18033	3	-99351.33	
22.19672	3	-99326.93	
22.29508	3	-99302.65	
22.32787	3	-99300.78	
22.42623	3	-99139.4	
22.4918	3	-99135.16	
23.01639	3	-99131.96	
23.37705	3	-99008.48	
23.42623	3	-98984.78	
23.7541	3	-98954.69	
23.85246	3	-98954.69	
23.90164	3	-98954.12	
24.19672	3	-98870.69	
25.11475	3	-98849.88	
25.22951	3	-98828.16	
25.62295	3	-98739.85	
25.70492	3	-98701.17	
26.19672	3	-98700.31	
26.44262	3	-98692.47	
28.16393	3	-98680.27	
28.5082	3	-98679.65	
28.62295	3	-98677.93	
28.70492	3	-98659.78	
28.72131	3	-98659.77	
28.7377	3	-98659.76	
28.77049	3	-98659.76	
28.98361	3	-98658.76	
29.70492	3	-98652.24	
29.7377	3	-98652.2	
29.78689	3	-98651.33	
29.86885	3	-98651.32	
29.91803	3	-98651.24	
30.13115	3	-98646.64	
32.06557	3	-98633.49	
32.13115	3	-98607.28	
32.29508	3	-98598.86	
32.40984	3	-98590.08	
32.78689	3	-98585.53	
32.85246	3	-98585.53	
32.86885	3	-98584.08	
32.88525	3	-98584.08	
32.95082	3	-98490.86	
32.98361	3	-98489.83	
33.37705	3	-98480.8	
33.57377	3	-98480.79	
33.86885	3	-98480.79	
33.88525	3	-98480.79	
33.90164	3	-98480.77	
33.91803	3	-98460.55	
34.16393	3	-98460.53	
34.7541	3	-98401.08	
34.77049	3	-98401.08	
34.86885	3	-98401.08	
34.88525	3	-98401.08	
34.90164	3	-98401.07	
34.98361	3	-98400.46	
35.08197	3	-98384.92	
35.47541	3	-98378.34	
35.77049	3	-98378.34	
35.85246	3	-98378.34	
36.18033	3	-98309.2	
38.04918	3	-98301.65	
38.39344	3	-98300.01	
38.7377	3	-98300	
38.88525	3	-98299.96	
38.90164	3	-98299.96	
38.95082	3	-98298.72	
40.29508	3	-98293.69	
40.32787	3	-98293.42	
40.5082	3	-98292.89	
40.59016	3	-98292.47	
40.68852	3	-98220.71	
40.78689	3	-98210.2	
40.85246	3	-98210.2	
41.22951	3	-98209.74	
42.19672	3	-98205.03	
42.63934	3	-98187.21	
42.72131	3	-98187.21	
42.7377	3	-98187.21	
42.86885	3	-98187.2	
42.88525	3	-98187.2	
42.90164	3	-98187.2	
42.95082	3	-98182.32	
44.78689	3	-98175.84	
44.83607	3	-98155.75	
44.86885	3	-98155.64	
44.95082	3	-98155.06	
45.2623	3	-98154.84	
45.39344	3	-98152.99	
45.7377	3	-98152.99	
45.85246	3	-98152.99	
46.31148	3	-98108.65	
46.45902	3	-98091.7	
46.70492	3	-98091.41	
46.7377	3	-98091.41	
46.7541	3	-98089.54	
49.08197	3	-98066.33	
49.09836	3	-98062.85	
49.34426	3	-98060.91	
50.7541	3	-98059.88	
50.95082	3	-98052.97	
51.57377	3	-98023.4	
51.95082	3	-98023.06	
52.01639	3	-98020.09	
52.21311	3	-97993.03	
52.62295	3	-97936.45	
52.7541	3	-97932.27	
52.85246	3	-97932.26	
52.88525	3	-97932.25	
53.03279	3	-97930.72	
53.08197	3	-97928.74	
53.63934	3	-97885.51	
54.55738	3	-97843.39	
54.70492	3	-97835.65	
54.7541	3	-97826.04	
54.83607	3	-97789.05	
54.85246	3	-97789.04	
54.86885	3	-97789.04	
54.95082	3	-97788.53	
55.16393	3	-97788.52	
55.18033	3	-97787.66	
55.40984	3	-97786.18	
55.44262	3	-97778.24	
56.08197	3	-97778.09	
56.09836	3	-97777.97	
56.36066	3	-97619.56	
56.45902	3	-97615.53	
56.7541	3	-97614.33	
56.78689	3	-97606.01	
56.96721	3	-97011.3	
56.98361	3	-97009.29	
57.42623	3	-96966.12	
57.5082	3	-96961.98	
57.54098	3	-96960.69	
57.57377	3	-96941.21	
57.63934	3	-96852.1	
57.70492	3	-96839.76	
57.7541	3	-96739.68	
58.09836	3	-96737.23	
58.11475	3	-96732.98	
58.21311	3	-96716.89	
58.34426	3	-96707.35	
58.78689	3	-96633.05	
58.81967	3	-96630.51	
58.86885	3	-96630.51	
58.88525	3	-96630.51	
58.95082	3	-96619.59	
59.37705	3	-96589.58	
59.40984	3	-96537.25	
59.45902	3	-96535.3	
59.70492	3	-96535.3	
59.81967	3	-96475.08	
59.85246	3	-96475.08	
60.01639	3	-96466.21	
60.13115	3	-96455.64	
60.39344	3	-96451.31	
60.42623	3	-96444.79	
60.47541	3	-96433.23	
60.5082	3	-96414.33	
60.54098	3	-96394.9	
60.57377	3	-96381.08	
60.65574	3	-96372.55	
61.42623	3	-96362.06	
61.5082	3	-96359.97	
61.52459	3	-96354.48	
61.62295	3	-96348.64	
61.68852	3	-96332.93	
62.08197	3	-96327.2	
62.11475	3	-96321.49	
62.18033	3	-96313.49	
62.52459	3	-96313.07	
62.70492	3	-96313.07	
62.85246	3	-96313.07	
62.86885	3	-96313.07	
62.90164	3	-96313.07	
62.96721	3	-96222.85	
63.06557	3	-96165.59	
63.22951	3	-96165.45	
63.27869	3	-96158.67	
63.98361	3	-96155.51	
64.03279	3	-96137.55	
64.06557	3	-96134.5	
64.2623	3	-96134.13	
64.32787	3	-96132.7	
64.40984	3	-96126.03	
64.4918	3	-96115.64	
64.85246	3	-96115.6	
64.86885	3	-96115.6	
64.88525	3	-96115.59	
64.96721	3	-96083.17	
64.98361	3	-96057.14	
65	3	-95867.63	
65.04918	3	-95867.61	
65.06557	3	-95865.49	
65.13115	3	-95852.66	
65.18033	3	-95847.54	
65.19672	3	-95835.53	
65.32787	3	-95833.73	
65.42623	3	-95831.99	
65.63934	3	-95823.46	
65.65574	3	-95766.06	
65.7541	3	-95752.38	
65.98361	3	-95728.06	
66.03279	3	-95719.27	
66.5082	3	-95718.03	
66.85246	3	-95717.99	
66.86885	3	-95717.99	
66.88525	3	-95717.99	
67.01639	3	-95716.02	
67.19672	3	-95711.74	
67.22951	3	-95711.33	
67.2623	3	-95700.66	
67.47541	3	-95696.88	
67.54098	3	-95696.83	
67.57377	3	-95690.37	
67.70492	3	-95690.37	
67.85246	3	-95686.55	
67.98361	3	-95682.9	
68.03279	3	-95669.97	
68.27869	3	-95669.64	
68.37705	3	-95657.72	
70.4918	3	-95652.99	
70.5082	3	-95650.16	
70.78689	3	-95641.66	
70.81967	3	-95611.58	
70.88525	3	-95610.43	
70.90164	3	-95610.43	
71.14754	3	-95609.5	
71.18033	3	-95608.89	
71.21311	3	-95603.19	
71.34426	3	-95599.84	
71.40984	3	-95592.01	
71.7377	3	-95582.71	
72.09836	3	-95581.24	
72.14754	3	-95580.79	
72.16393	3	-95579.35	
72.7541	3	-95577.65	
72.98361	3	-95573.61	
76.40984	3	-95572.89	
76.70492	3	-95570.63	
76.7377	3	-95570.47	
76.85246	3	-95570.47	
76.90164	3	-95570.47	
76.93443	3	-95569.66	
77.04918	3	-95569.36	
77.19672	3	-95565.89	
77.42623	3	-95561.05	
80.96721	3	-95454.29	
81.01639	3	-95449.09	
81.03279	3	-95440.43	
81.21311	3	-95438.9	
81.22951	3	-95435.29	
81.29508	3	-95432.58	
81.40984	3	-95428.8	
81.52459	3	-95423.12	
81.54098	3	-95415.12	
81.62295	3	-95384.35	
81.63934	3	-95352.98	
81.70492	3	-95352.64	
81.7377	3	-95352.44	
81.7541	3	-95351.66	
81.88525	3	-95351.65	
81.96721	3	-95332.73	
82	3	-95325.65	
82.18033	3	-95318.61	
82.40984	3	-95316.29	
82.47541	3	-95308.51	
82.57377	3	-95287.34	
82.65574	3	-95276.03	
82.96721	3	-95268.58	
83	3	-95268.56	
83.09836	3	-95266.57	
83.2459	3	-95259.87	
83.2623	3	-95258.79	
83.31148	3	-95244.55	
83.34426	3	-95243.19	
83.37705	3	-95233.58	
83.42623	3	-95233.46	
83.45902	3	-95233.46	
83.4918	3	-95219.22	
83.5082	3	-95217.02	
83.96721	3	-95206.48	
83.98361	3	-95202.27	
84.01639	3	-95200.81	
84.04918	3	-95196.5	
84.08197	3	-95192.05	
84.32787	3	-95190.53	
84.34426	3	-95179.39	
84.42623	3	-95176.52	
84.59016	3	-95150.95	
85.16393	3	-95148.54	
85.59016	3	-95110.96	
85.68852	3	-95104.24	
85.7541	3	-95100.59	
85.86885	3	-95100.59	
85.88525	3	-95100.07	
85.90164	3	-95100.07	
85.96721	3	-95059.89	
86.04918	3	-95059.68	
86.13115	3	-95058.03	
86.14754	3	-95057.91	
86.19672	3	-95047.01	
86.27869	3	-95046.68	
86.39344	3	-95045.77	
86.57377	3	-95044.25	
86.59016	3	-95029.13	
86.65574	3	-95026.46	
86.88525	3	-95026.36	
86.90164	3	-95026.36	
86.96721	3	-95021.24	
86.98361	3	-95019.05	
87.03279	3	-95008.74	
87.08197	3	-95005.01	
87.13115	3	-95000.53	
87.31148	3	-94994.29	
87.32787	3	-94994.08	
87.44262	3	-94994.08	
87.60656	3	-94991.44	
87.62295	3	-94988.4	
87.63934	3	-94986.29	
87.70492	3	-94986.29	
87.93443	3	-94942.02	
89	3	-94939.24	
89.09836	3	-94939.15	
89.11475	3	-94935.01	
89.18033	3	-94929.59	
89.37705	3	-94927.94	
89.42623	3	-94927.71	
89.5082	3	-94926.51	
89.55738	3	-94923.41	
89.57377	3	-94917.53	
89.59016	3	-94913.66	
89.65574	3	-94911.5	
89.86885	3	-94911.49	
89.91803	3	-94899.15	
89.98361	3	-94893.94	
90	3	-94891.32	
90.08197	3	-94890.86	
90.13115	3	-94889.74	
90.2623	3	-94888.66	
90.40984	3	-94885.72	
90.52459	3	-94883.93	
90.68852	3	-94876.96	
90.70492	3	-94876.95	
90.78689	3	-94869.52	
90.85246	3	-94869.52	
90.91803	3	-94868.85	
90.96721	3	-94861.29	
90.98361	3	-94856.22	
91	3	-94854.43	
91.03279	3	-94854.33	
91.31148	3	-94849.81	
91.45902	3	-94849.63	
91.4918	3	-94844.95	
91.52459	3	-94837.86	
91.7377	3	-94835.62	
91.78689	3	-94823.36	
92.04918	3	-94820.21	
92.18033	3	-94819.98	
92.22951	3	-94816.52	
92.27869	3	-94816.49	
92.96721	3	-94815.62	
93	3	-94814.57	
93.4918	3	-94813.43	
93.5082	3	-94813.09	
93.96721	3	-94804.87	
95	3	-94804.26	
95.01639	3	-94803.87	
95.06557	3	-94803.17	
95.08197	3	-94802.27	
95.52459	3	-94794.9	
95.96721	3	-94789.49	
96.09836	3	-94785.71	
96.31148	3	-94784.72	
96.5082	3	-94783.25	
97.44262	3	-94782.97	
97.4918	3	-94782.59	
102.623	3	-94782.43	
102.7049	3	-94782.43	
102.7213	3	-94776.9	
102.8525	3	-94776.35	
102.8689	3	-94776.35	
102.8852	3	-94776.35	
102.9016	3	-94776.34	
102.9672	3	-94774.89	
103.0984	3	-94773.85	
103.2131	3	-94771.54	
103.2623	3	-94762.88	
103.2951	3	-94758.88	
103.3279	3	-94754.2	
103.377	3	-94753.86	
103.4098	3	-94753.55	
103.5246	3	-94752.2	
103.6393	3	-94737.21	
103.7049	3	-94737.21	
103.9672	3	-94736.22	
104.3607	3	-94734.46	
104.377	3	-94732.91	
104.5574	3	-94731.55	
105.1148	3	-94726.15	
105.2131	3	-94725.21	
105.2295	3	-94724.39	
105.2459	3	-94723.61	
105.4754	3	-94722.16	
105.4918	3	-94721.91	
106	3	-94716.49	
106.0164	3	-94713.24	
106.1639	3	-94713.24	
106.918	3	-94712.99	
107.8361	3	-94712.41	
107.9344	3	-94709.96	
108.0656	3	-94708.73	
109.3607	3	-94706.33	
109.459	3	-94705.81	
109.7705	3	-94705.65	
110.1475	3	-94704.64	
110.1803	3	-94703.19	
110.2131	3	-94700.78	
110.2623	3	-94700.69	
110.2787	3	-94694	
110.2951	3	-94693.15	
110.3115	3	-94693.02	
110.3607	3	-94692.48	
110.4426	3	-94692.38	
110.5246	3	-94689.39	
110.7869	3	-94686.09	
110.8525	3	-94686.09	
110.8689	3	-94686.08	
111.1967	3	-94683.4	
112.9672	3	-94682.57	
113.3279	3	-94678.43	
117.9836	3	-94670	
118	3	-94664.74	
118.0164	3	-94662.44	
118.0328	3	-94661.3	
118.1639	3	-94661.05	
118.1803	3	-94660.28	
118.2295	3	-94655.37	
118.3443	3	-94653.83	
119.0984	3	-94652.49	
119.4426	3	-94652.45	
120.6393	3	-94652.33	
120.6557	3	-94649.87	
124.5574	3	-94649.27	
124.623	3	-94648.75	
125.1475	3	-94648.42	
125.1639	3	-94644.7	
125.3934	3	-94644.53	
125.459	3	-94643.28	
126.5246	3	-94643.24	
126.6393	3	-94639.42	
126.6721	3	-94634.84	
132.4754	3	-94634.12	
132.4918	3	-94632.98	
134.9836	3	-94630.19	
135.5574	3	-94623.67	
135.5902	3	-94617.22	
135.623	3	-94616.27	
135.6885	3	-94615.61	
136.0656	3	-94615.02	
136.9508	3	-94610.91	
141.2131	3	-94608.98	
141.2295	3	-94608.53	
141.3279	3	-94607.83	
141.4426	3	-94600.96	
144.6393	3	-94596.99	
145.541	3	-94594.73	
145.918	3	-94586.44	
146.1311	3	-94584.07	
149.7377	3	-94583.63	
149.918	3	-94582.29	
150.2131	3	-94577.73	
150.2295	3	-94577.24	
150.2623	3	-94576.1	
150.3115	3	-94574.2	
150.3279	3	-94573.65	
150.3443	3	-94572.2	
150.7213	3	-94568.12	
150.7377	3	-94566.25	
150.918	3	-94564.4	
150.9672	3	-94564.15	
151	3	-94564.14	
151.0492	3	-94563.52	
151.0656	3	-94563.41	
151.0984	3	-94561.66	
155.3279	3	-94559.83	
155.3443	3	-94558.78	
155.3607	3	-94557.33	
155.4098	3	-94557.12	
158.0656	3	-94556.3	
172.623	3	-94550.36	
172.6393	3	-94550.23	
172.918	3	-94548.92	
172.9836	3	-94543.21	
173	3	-94542.83	
173.0328	3	-94542.66	
173.0984	3	-94541.63	
173.1148	3	-94541.31	
173.1475	3	-94536.81	
173.1803	3	-94536.73	
173.3607	3	-94535.18	
173.377	3	-94534.35	
173.5738	3	-94533.18	
173.5902	3	-94532.87	
173.7377	3	-94531.35	
173.9344	3	-94530.67	
173.9672	3	-94530.22	
180.541	3	-94527.56	
180.5902	3	-94527.08	
180.623	3	-94526.63	
180.7541	3	-94525.88	
181.0328	3	-94525.46	
181.0492	3	-94524.29	
235.9836	3	-94518.92	
236.0164	3	-94518.5	
236.0492	3	-94518.43	
236.1148	3	-94518.29	
236.1967	3	-94517.46	
236.2131	3	-94517.31	
236.2295	3	-94516.81	
237.2951	3	-94516.48	
237.5082	3	-94514.31	
237.5574	3	-94513.44	
265.377	3	-94513.31	
265.3934	3	-94512.83	
265.4426	3	-94511.19	
265.459	3	-94510.85	
265.6557	3	-94510.54	
265.6721	3	-94508.58	
265.6885	3	-94508.47	
266.0492	3	-94507.93	
266.0656	3	-94505.48	
266.082	3	-94504.77	
266.0984	3	-94504.6	
266.1148	3	-94503.57	
266.2295	3	-94502.27	
267.1803	3	-94500.44	
267.2459	3	-94500.07	
267.2951	3	-94499.54	
267.377	3	-94497.78	
267.3934	3	-94495.99	
267.4098	3	-94495.05	
267.4262	3	-94493.39	
267.4918	3	-94492.37	
267.6557	3	-94482.79	
267.6721	3	-94479.4	
267.7377	3	-94478.87	
267.7541	3	-94477.77	
267.7869	3	-94476.92	
267.8852	3	-94474.65	
267.9508	3	-94472.39	
268.5738	3	-94469.27	
268.8689	3	-94469.17	
268.9016	3	-94469.16	
268.9672	3	-94467.39	
269.2459	3	-94466.78	
269.3115	3	-94466.75	
269.459	3	-94462.65	
269.541	3	-94462.54	
269.5738	3	-94460.4	
271.1803	3	-94458.96	
271.2459	3	-94457.47	
271.2787	3	-94456.99	
273.5246	3	-94453.98	
273.5738	3	-94453.9	
273.8525	3	-94447.67	
273.9672	3	-94446.1	
278.9508	3	-94444.03	
279	3	-94444.03	
279.0328	3	-94443.34	
279.2623	3	-94442.68	
280.1311	3	-94441.74	
280.2131	3	-94438.75	
282.2787	3	-94438.43	
282.2951	3	-94438.17	
282.3607	3	-94438.14	
282.377	3	-94428.68	
282.3934	3	-94428.68	
282.4098	3	-94428.66	
282.4918	3	-94428.33	
282.5738	3	-94427.48	
282.5902	3	-94427.02	
292.5246	3	-94426.35	
292.5738	3	-94425.22	
292.5902	3	-94419.01	
292.6066	3	-94417.38	
293.0984	3	-94415.97	
293.1639	3	-94413.76	
293.1967	3	-94413.57	
308.7869	3	-94410	
308.918	3	-94409.75	
308.9344	3	-94408.4	
338.9672	3	-94408.31	
339.0164	3	-94408.28	
351.5574	3	-94405.69	
351.5738	3	-94405.64	
351.6066	3	-94405.22	
351.9508	3	-94402.27	
351.9672	3	-94399.68	
352.0492	3	-94399.06	
352.0656	3	-94398.34	
352.1475	3	-94397.54	
370.1803	3	-94392.6	
370.1967	3	-94390.79	
370.2295	3	-94388.12	
385.1803	3	-94386.94	
385.5246	3	-94386.83	
385.5574	3	-94384.21	
385.5902	3	-94383.13	
385.6066	3	-94382.47	
481.7869	3	-94381.11	
481.8197	3	-94381.06	
482.0164	3	-94380.98	
485.0492	3	-94378.85	
485.0656	3	-94376.89	
485.3934	3	-94376.49	
485.4098	3	-94376.43	
485.4262	3	-94374.01	
485.4426	3	-94372.59	
653.4918	3	-94370.63	
653.5738	3	-94370.18	
653.6721	3	-94369.77	
653.7213	3	-94369.28	
653.8689	3	-94368.95	
653.9508	3	-94368.82	
653.9672	3	-94368.28	
654.0164	3	-94367.56	
654.0328	3	-94367.44	
677.0656	3	-94367.36	
677.377	3	-94363.32	
677.3934	3	-94362.21	
677.4262	3	-94361.72	
677.4426	3	-94361.35	
677.5082	3	-94360.8	
677.541	3	-94360.23	
1000	3	-94360.23	
2000	2.85	-94360.23	
3000	2.85	-94360.23	
3560.066	2.85	-94359.83	
3925.131	2.85	-94359.78	
4000	2.7075	-94359.78	
4643.246	2.7075	-94359.2	
5000	2.7075	-94359.2	
5317.869	2.7075	-94359.13	
6000	2.572125	-94359.13	
6364.098	2.572125	-94358.89	
7000	2.572125	-94358.89	
7429.311	2.572125	-94358.33	
7473.098	2.572125	-94357.29	
7473.131	2.572125	-94356.9	
7696.279	2.572125	-94356.9	
8000	2.443519	-94356.9	
8477.164	2.443519	-94356.03	
9000	2.443519	-94356.03	
9089.164	2.443519	-94355.9	
9089.197	2.443519	-94353.43	
10000	2.321343	-94353.43	
11000	2.321343	-94353.43	
11442.74	2.321343	-94352.69	
12000	2.205276	-94352.69	
13000	2.205276	-94352.69	
14000	2.095012	-94352.69	
14665.15	2.095012	-94352.68	
14665.2	2.095012	-94352.67	
14665.21	2.095012	-94350.3	
14665.44	2.095012	-94349.3	
14665.52	2.095012	-94349.1	
15000	2.095012	-94349.1	
16000	1.990261	-94349.1	
17000	1.990261	-94349.1	
17606.43	1.990261	-94348.47	
17606.51	1.990261	-94347.97	
17606.56	1.990261	-94347.37	
18000	1.890748	-94347.37	
19000	1.890748	-94347.37	
20000	1.796211	-94347.37	
21000	1.796211	-94347.37	
21905.26	1.796211	-94347.32	
22000	1.7064	-94347.32	
22500.66	1.7064	-94345.31	
22500.72	1.7064	-94343.3	
23000	1.7064	-94343.3	
24000	1.62108	-94343.3	
25000	1.62108	-94343.3	
