Note: [none]
Total # of Iterations:	25000	
Sample size:	100550	
Maximum likelihood:	# Parameters:	AIC corr:	AIC:	Slope:	R2:
-94344.37	63	188814.8	188814.7	1.000807	0.2402788	
Model:	model_3N
PDF:	User-defined function
Support interval range:	2

Varying parameters:
Label	MLE	Lower S.I.	Upper S.I.	Std Err	Lower Bound	Upper Bound	Final step size
PG1	155.0319	153.4816	156.9313	N/A	0	250	6.566799	
PG2	130.2903	127.6845	131.5932	N/A	0	250	3.804674	
PG3	154.1836	151.0999	156.0999	N/A	0	250	4.543124	
PG4	206.6698	204.6031	208.7365	N/A	0	250	6.653352	
PG5	157.6847	152.9542	161.1079	N/A	0	250	14.65493	
PG6	198.0346	196.0542	209.9166	N/A	0	250	11.6329	
PG7	150.5853	146.0677	152.5736	N/A	0	250	6.61739	
PG8	148.9313	145.9527	150.9527	N/A	0	250	7.071243	
PG9	131.4405	127.4973	133.8117	N/A	0	250	6.792994	
PG10	250	247.5	250	N/A	0	250	250	
PG11	157.1254	155.5541	160.8404	N/A	0	250	10.97296	
PG12	176.2989	172.7729	181.5879	N/A	0	250	5.805797	
PG13	171.6368	169.9205	175.0696	N/A	0	250	4.545184	
PG14	181.4463	176.0029	185.0752	N/A	0	250	10.22041	
PG15	112.108	110.9869	114.8658	N/A	0	250	4.479291	
PG16	233.582	226.5746	235.9178	N/A	0	250	13.37012	
PG17	138.2313	134.0843	141.849	N/A	0	250	8.20281	
PG18	170.0567	164.955	170.0567	N/A	0	250	5.250422	
PG19	137.0409	137.0409	140.6705	N/A	0	250	4.906621	
PG20	139.6831	132.6989	143.2863	N/A	0	250	8.508001	
PG21	153.8975	150.8195	155.4365	N/A	0	250	4.087147	
PG22	99.87026	96.87415	99.87026	N/A	0	250	2.4134	
PG23	113.9818	113.9818	116.7021	N/A	0	250	3.755031	
PG24	194.5736	192.6279	198.4651	N/A	0	250	7.38077	
PG25	147.3689	145.8952	150.8952	N/A	0	250	2.770501	
PG26	159.172	152.8051	160.9886	N/A	0	250	6.453816	
PG27	192.7049	190.7779	196.559	N/A	0	250	4.73473	
PG28	193.8961	191.9571	197.774	N/A	0	250	6.843524	
PG29	193.1441	191.2126	195.0755	N/A	0	250	2.561664	
PG30	194.7329	192.7856	198.6276	N/A	0	250	6.789955	
PG31	185.6316	178.2063	189.3442	N/A	0	250	15.11325	
PG32	187.5615	185.6859	195.0639	N/A	0	250	12.14739	
PG33	221.1014	216.6794	223.3124	N/A	0	250	6.469779	
sizeX0	4.227357	4.14281	4.26963	N/A	0	100	0.1197061	
sizeXb	0.4814605	0.4766459	0.4918313	N/A	0	1	0.01850071	
ageX0	0.2368272	0.2344589	0.2368272	N/A	0	1	0.002639955	
int	0.1420479	0.1392069	0.1434683	N/A	0	100	0.005435419	
sigma	0.5127308	0.5127308	0.5127308	N/A	0	2	0.006266098	
alpha	1.109439	1.109439	1.109439	N/A	0	4	0.01051014	
beta	0.5947832	0.5947832	0.5947832	N/A	0	3	0.006591527	
C	45.77693	45.77693	45.77693	N/A	0	1000	0.313481	
gamma	0.3917044	0.3917044	0.3956215	N/A	-2	2	0.008177412	
D	1	1	1	N/A	1	3	0.09916503	
lambda1	0.09193385	0.08641782	0.1164629	N/A	0	1	0.03509787	
lambda2	0.1800535	0.1566465	0.2128513	N/A	0	1	0.1039778	
lambda3	0.4825417	0.4825417	0.4825417	N/A	0	1	0.01310188	
lambda4	0.0003692168	0	0.04523634	N/A	0	1	1	
lambda5	0.2858435	0.2715513	0.2972772	N/A	0	1	0.03796055	
lambda6	0.2781264	0	1	N/A	0	1	1	
temp.a	0.01766236	0.01730912	0.01825177	N/A	0	1	0.0009832821	
temp.lag.a	0.1089357	0.1089357	0.1089357	N/A	0	1	0.0007201165	
temp.b	1.590657	1.542938	1.690626	N/A	1	5000	0.1424647	
temp.lag.b	14.29279	13.884	14.8645	N/A	1	5000	0.7207976	
temp.c	280.3985	280.3985	280.3985	N/A	275.3739	284.1562	0.1745599	
temp.lag.c	275.3739	275.3739	275.3739	N/A	275.3739	284.1562	2.141198	
prec.a	0.06066787	0.05217437	0.06751722	N/A	0	1	0.02016564	
prec.lag.a	0.1651663	0.1651663	0.1651663	N/A	0	1	0.001471143	
prec.b	35.92103	31.77367	39.90666	N/A	10	10000	5.25606	
prec.lag.b	3134.381	3071.894	3197.069	N/A	10	10000	244.5763	
prec.c	1939.222	1939.222	1939.222	N/A	372.2924	2064.072	14.73613	
prec.lag.c	2064.072	2043.431	2064.072	N/A	372.2924	2064.072	659.1347	
n.c	0.00051645	0	1.721982	N/A	0	40	25.6	
n.b	82.22179	76.46626	92.46626	N/A	0	200	200	

Non-varying parameters:
Label	Value
mean	predicted	
x	incr_mm	
siteplot	stdcode	
log	TRUE	


Annealing regime:
Initial temp	Rt	ns	nt
3	0.95	20	100

Variance - Covariance Matrix:
[could not be calculated - Hessian matrix is singular]

Source data
[Ommitted from results file]

Likelihood History
Iteration	Temperature	Likelihood
0	3	-94515.39	
0.6984127	3	-94513.13	
1.095238	3	-94512.46	
2	3	-94389.64	
9.888889	3	-94386.9	
10	3	-94384.56	
10.07937	3	-94384.41	
10.98413	3	-94383.36	
11.88889	3	-94382.06	
11.98413	3	-94381.58	
12.52381	3	-94380.54	
253.8571	3	-94379.6	
292.7937	3	-94377.04	
292.8095	3	-94375.63	
292.8254	3	-94374.76	
295.1429	3	-94374.27	
295.1746	3	-94374.02	
325.7937	3	-94372.24	
325.8571	3	-94372.06	
326.0159	3	-94365.05	
326.2063	3	-94361.9	
326.4444	3	-94361.61	
1000	3	-94361.61	
1404.524	3	-94361.54	
2000	2.85	-94361.54	
3000	2.85	-94361.54	
4000	2.7075	-94361.54	
4581.429	2.7075	-94360.18	
4581.492	2.7075	-94356.47	
4581.619	2.7075	-94355.63	
4581.635	2.7075	-94355.38	
4581.698	2.7075	-94355.37	
4581.73	2.7075	-94355.16	
5000	2.7075	-94355.16	
5485.667	2.7075	-94354.59	
5485.841	2.7075	-94353	
6000	2.572125	-94353	
6534.603	2.572125	-94351.81	
7000	2.572125	-94351.81	
8000	2.443519	-94351.81	
9000	2.443519	-94351.81	
10000	2.321343	-94351.81	
11000	2.321343	-94351.81	
12000	2.205276	-94351.81	
13000	2.205276	-94351.81	
14000	2.095012	-94351.81	
15000	2.095012	-94351.81	
15650.13	2.095012	-94349.18	
16000	1.990261	-94349.18	
16882.25	1.990261	-94349.11	
16882.27	1.990261	-94349.04	
17000	1.990261	-94349.04	
18000	1.890748	-94349.04	
18151.02	1.890748	-94347.6	
18151.13	1.890748	-94346.42	
18151.24	1.890748	-94345.99	
18151.27	1.890748	-94344.37	
19000	1.890748	-94344.37	
20000	1.796211	-94344.37	
21000	1.796211	-94344.37	
22000	1.7064	-94344.37	
23000	1.7064	-94344.37	
24000	1.62108	-94344.37	
25000	1.62108	-94344.37	
