Note: [none]
Total # of Iterations:	2500	
Sample size:	100550	
Maximum likelihood:	# Parameters:	AIC corr:	AIC:	Slope:	R2:
-93897.52	69	187933.1	187933	0.9956397	0.2444061	
Model:	climate_ld_diff_model_5B
PDF:	User-defined function
Support interval range:	2

Varying parameters:
Label	MLE	Lower S.I.	Upper S.I.	Std Err	Lower Bound	Upper Bound	Final step size
PG1	8.236957	7.907479	8.236957	N/A	0	250	0.4119949	
PG2	6.472935	6.408205	6.602393	N/A	0	250	0.4173195	
PG3	7.659102	7.582511	7.888876	N/A	0	250	0.3869009	
PG4	10.61362	10.61362	11.19853	N/A	0	250	0.462537	
PG5	8.705261	8.444104	8.879367	N/A	0	250	0.7784313	
PG6	10.54985	10.33885	10.97184	N/A	0	250	0.9047742	
PG7	8.58613	8.500269	8.757853	N/A	0	250	0.3899855	
PG8	7.51949	7.444296	7.66988	N/A	0	250	0.5026049	
PG9	7.405543	7.331488	7.701765	N/A	0	250	0.3869182	
PG10	14.19527	13.62746	14.33722	N/A	0	250	0.985286	
PG11	7.97331	7.893577	8.132777	N/A	0	250	0.4043278	
PG12	10.23664	9.827174	10.33901	N/A	0	250	0.6272712	
PG13	10.5599	10.4543	10.6655	N/A	0	250	0.4990715	
PG14	11.9717	11.73226	12.33085	N/A	0	250	0.7823097	
PG15	5.947739	5.828785	6.007217	N/A	0	250	0.3892768	
PG16	13.85029	13.57328	14.1273	N/A	0	250	0.7835869	
PG17	7.186951	6.683864	7.258821	N/A	0	250	0.4931271	
PG18	10.00036	10.00036	10.30037	N/A	0	250	0.4924665	
PG19	6.572647	6.50692	6.7041	N/A	0	250	0.2811461	
PG20	8.832083	8.743762	9.667702	N/A	0	250	0.634671	
PG21	7.676057	7.522536	7.752818	N/A	0	250	0.3786992	
PG22	6.389868	6.32597	6.453767	N/A	0	250	0.2545337	
PG23	7.46631	7.316984	7.540973	N/A	0	250	0.5481958	
PG24	12.85843	12.72984	12.98701	N/A	0	250	0.3519446	
PG25	7.163527	7.091892	7.306798	N/A	0	250	0.3526821	
PG26	7.93631	7.301405	7.93631	N/A	0	250	0.3975724	
PG27	12.91168	12.78256	13.16991	N/A	0	250	0.6913289	
PG28	12.92427	12.79503	13.312	N/A	0	250	0.4925778	
PG29	12.79142	12.79142	12.91933	N/A	0	250	0.5888901	
PG30	13.00575	12.87569	13.1358	N/A	0	250	0.6158787	
PG31	9.276707	8.998406	9.555008	N/A	0	250	0.6411218	
PG32	9.31558	9.222425	9.688204	N/A	0	250	0.6149608	
PG33	11.62003	11.38763	11.73623	N/A	0	250	0.7013167	
sizeX0	0.2817503	0.2789328	0.2902028	N/A	0	100	0.01301956	
sizeXb	0.641883	0.641883	0.641883	N/A	0	1	0.002882888	
ageX0	0.2425316	0.2425316	0.2425316	N/A	0	1	0.006000061	
int	0.1428338	0.1428338	0.1488252	N/A	0	100	0.004420621	
sigma	0.5040982	0.5040982	0.5091392	N/A	0	2	0.007523644	
alpha	1.009679	1.009679	1.009679	N/A	0	4	0.01546039	
beta	0.5915326	0.5915326	0.5915326	N/A	0	3	0.005917897	
C	19.04664	19.04664	19.04664	N/A	0	1000	0.4137954	
gamma	0.453164	0.4433513	0.453164	N/A	-2	2	0.01215015	
D	1	1	1	N/A	1	3	1.029434	
lambda1	0.1954818	0.172024	0.2213463	N/A	0	1	0.05048402	
lambda2	0.3943407	0.319416	0.4385671	N/A	0	1	0.1717466	
lambda3	0.999539	0.9895436	1	N/A	0	1	0.03183876	
lambda4	0.002185839	0	0.04830671	N/A	0	1	1	
lambda5	0.5841527	0.5374205	0.6007866	N/A	0	1	0.0445852	
lambda6	0.4540425	0	1	N/A	0	1	1	
temp.a.prime	0.8664236	0.8664236	0.8750879	N/A	0	1	0.01430511	
temp.lag.a.prime	0.900353	0.900353	0.900353	N/A	0	1	0.01212522	
temp.b.prime	467.5109	47.20109	5000	N/A	0.5	5000	4999.5	
temp.lag.b.prime	459.284	32.60988	5000	N/A	0.5	5000	4999.5	
temp.c.prime	275.4248	275.3739	284.1562	N/A	275.3739	284.1562	8.782259	
temp.lag.c.prime	278.5714	275.3739	284.1562	N/A	275.3739	284.1562	8.782259	
temp.b	1.71943	1.71943	1.805402	N/A	0.5	5000	0.1127677	
temp.lag.b	5.670249	5.360034	5.969909	N/A	0.5	5000	0.6945781	
temp.c	0.5989701	0.5561609	0.6109495	N/A	-1.541494	1.900179	0.07986767	
temp.lag.c	-1.541494	-1.541494	-1.462602	N/A	-1.541494	1.900179	3.441673	
prec.a.prime	0.1356799	0.1343231	0.1387654	N/A	0	1	0.007672208	
prec.lag.a.prime	0.386056	0.386056	0.386056	N/A	0	1	0.005779189	
prec.b.prime	398.3703	398.3703	406.3377	N/A	0.5	10000	10.36016	
prec.lag.b.prime	2708.899	0.5	10000	N/A	0.5	10000	9999.5	
prec.c.prime	362.6263	359	362.6263	N/A	0	582.3911	6.655898	
prec.lag.c.prime	201.8231	0	582.3911	N/A	0	582.3911	582.3911	
prec.b	337.1667	333.795	350.6534	N/A	0.5	10000	23.83035	
prec.lag.b	579.7661	568.1808	597.1591	N/A	0.5	10000	56.6193	
prec.c	-265.8919	-265.8919	-252.4054	N/A	-265.8919	246.7986	116.6656	
prec.lag.c	-170.5204	-177.8897	-158.4139	N/A	-265.8919	246.7986	19.20421	

Non-varying parameters:
Label	Value
mean	predicted	
x	incr_mm	
siteplot	stdcode	
log	TRUE	


Annealing regime:
Initial temp	Rt	ns	nt
3	0.95	20	100

Variance - Covariance Matrix:
[could not be calculated - Hessian matrix is singular]

Source data
[Ommitted from results file]

Likelihood History
Iteration	Temperature	Likelihood
0	3	-14334662	
0.05797101	3	-14334622	
0.07246377	3	-14333899	
0.08695652	3	-14307225	
0.1014493	3	-14302567	
0.115942	3	-14254479	
0.1304348	3	-14253862	
0.1594203	3	-14253556	
0.173913	3	-14253307	
0.2463768	3	-14252975	
0.3043478	3	-14252974	
0.3333333	3	-14250871	
0.3768116	3	-14250859	
0.4057971	3	-14231238	
0.4637681	3	-14154407	
0.4782609	3	-14142583	
0.5072464	3	-14013965	
0.5217391	3	-13814497	
0.5507246	3	-13005505	
0.5652174	3	-12697244	
0.5797101	3	-12647253	
0.5942029	3	-12620910	
0.6086957	3	-12620856	
0.6231884	3	-12615539	
0.6376812	3	-12615539	
0.6521739	3	-12615516	
0.6811594	3	-12615515	
0.6956522	3	-12615482	
0.7246377	3	-12404000	
0.7391304	3	-12112487	
0.8115942	3	-12112485	
0.8695652	3	-11696590	
0.884058	3	-11054366	
0.9710145	3	-11049610	
1.028986	3	-11048706	
1.043478	3	-10753548	
1.072464	3	-10751286	
1.101449	3	-10750455	
1.115942	3	-10747613	
1.188406	3	-10713890	
1.202899	3	-10711326	
1.217391	3	-10708815	
1.246377	3	-10706472	
1.275362	3	-10689350	
1.304348	3	-10689350	
1.318841	3	-10682921	
1.347826	3	-10179397	
1.391304	3	-9874169	
1.42029	3	-9614895	
1.507246	3	-9499409	
1.550725	3	-8607125	
1.608696	3	-8607116	
1.637681	3	-8607116	
1.652174	3	-8607102	
1.681159	3	-8607102	
1.695652	3	-8607102	
1.73913	3	-8420327	
1.753623	3	-8418548	
1.768116	3	-8416239	
1.811594	3	-8416231	
1.869565	3	-8412143	
1.898551	3	-666996.9	
1.927536	3	-666942.8	
1.971014	3	-666792.5	
1.985507	3	-641113.5	
2	3	-641112.9	
2.043478	3	-640860.2	
2.057971	3	-637331.5	
2.072464	3	-636150.6	
2.130435	3	-631809.4	
2.144928	3	-630557.1	
2.188406	3	-629791	
2.202899	3	-628832	
2.217391	3	-622595.4	
2.231884	3	-622198.5	
2.246377	3	-621344.9	
2.289855	3	-620211.7	
2.304348	3	-619856.2	
2.318841	3	-606363.7	
2.347826	3	-605507.4	
2.376812	3	-602982.8	
2.449275	3	-600025	
2.463768	3	-599185.1	
2.608696	3	-598898.1	
2.623188	3	-594949.1	
2.652174	3	-594824.8	
2.666667	3	-594084.5	
2.681159	3	-594072.6	
2.695652	3	-594062.9	
2.724638	3	-590860.3	
2.73913	3	-576679.3	
2.753623	3	-576679.3	
2.768116	3	-576679.2	
2.782609	3	-576679.2	
2.797101	3	-576679.2	
2.869565	3	-569476.7	
2.884058	3	-548334.1	
2.898551	3	-548223.3	
2.956522	3	-545219	
3	3	-544826.9	
3.072464	3	-544323.7	
3.130435	3	-543734	
3.15942	3	-536491.4	
3.231884	3	-534438	
3.246377	3	-533319.8	
3.304348	3	-528348.3	
3.318841	3	-518577.8	
3.347826	3	-513642.8	
3.405797	3	-510941.2	
3.434783	3	-500128.1	
3.478261	3	-498084.6	
3.507246	3	-468929.1	
3.521739	3	-379895.1	
3.608696	3	-379759.2	
3.637681	3	-378896.8	
3.652174	3	-378748.9	
3.681159	3	-378746	
3.724638	3	-377803.5	
3.73913	3	-374552.4	
3.884058	3	-360835	
3.898551	3	-360832.5	
3.956522	3	-360762.2	
3.985507	3	-358829.7	
4	3	-358775.1	
4.014493	3	-354831	
4.028986	3	-349068.7	
4.130435	3	-348065.7	
4.202899	3	-347917.4	
4.26087	3	-346294.5	
4.289855	3	-346285.4	
4.304348	3	-339807.3	
4.318841	3	-338249	
4.333333	3	-337638.7	
4.362319	3	-331836.1	
4.405797	3	-327595.6	
4.42029	3	-322828.7	
4.507246	3	-315454.6	
4.550725	3	-315448.8	
4.565217	3	-315241.6	
4.608696	3	-313192.1	
4.637681	3	-313191.2	
4.652174	3	-313181.2	
4.666667	3	-311770	
4.681159	3	-311770	
4.695652	3	-311706.2	
4.753623	3	-311706.2	
4.869565	3	-310609.3	
4.898551	3	-310539	
4.927536	3	-310458.5	
4.985507	3	-307955.1	
5	3	-307945.9	
5.043478	3	-303382.7	
5.130435	3	-299612	
5.246377	3	-268557.5	
5.275362	3	-268236.3	
5.318841	3	-266008.1	
5.347826	3	-262883.8	
5.391304	3	-261022	
5.463768	3	-260795.2	
5.507246	3	-259085.7	
5.521739	3	-258248.9	
5.550725	3	-254255.1	
5.565217	3	-254237.3	
5.594203	3	-254143.1	
5.623188	3	-254138.3	
5.869565	3	-253921.7	
5.985507	3	-253438.8	
6.014493	3	-250859.2	
6.072464	3	-248678.5	
6.188406	3	-246418.8	
6.202899	3	-245472.5	
6.231884	3	-245364.7	
6.246377	3	-244890.8	
6.26087	3	-241201	
6.318841	3	-239916.7	
6.333333	3	-239498.2	
6.463768	3	-239008.9	
6.492754	3	-235483.9	
6.507246	3	-229994.9	
6.565217	3	-229994.7	
6.623188	3	-229777	
6.681159	3	-229776.9	
6.695652	3	-229769	
6.753623	3	-229769	
6.826087	3	-229662.2	
6.855072	3	-229567.8	
6.898551	3	-229467	
6.927536	3	-229464.3	
6.956522	3	-229463.5	
6.971014	3	-229230.8	
7.014493	3	-225323	
7.043478	3	-224488.3	
7.086957	3	-224347.2	
7.115942	3	-222344.9	
7.15942	3	-218765.5	
7.173913	3	-218347	
7.231884	3	-218187.4	
7.333333	3	-217120.7	
7.565217	3	-217101.9	
7.652174	3	-217091.2	
7.681159	3	-217091.2	
7.753623	3	-217091.2	
7.768116	3	-217091.2	
7.782609	3	-217091.2	
7.84058	3	-217091.2	
7.855072	3	-217086.4	
7.869565	3	-216414.9	
7.898551	3	-216265.9	
7.971014	3	-215982.4	
8.086957	3	-214997	
8.144928	3	-214920.1	
8.318841	3	-214727.6	
8.333333	3	-212324.4	
8.391304	3	-211623.5	
8.463768	3	-210608.7	
8.57971	3	-210364.8	
8.594203	3	-210327	
8.637681	3	-210116.7	
8.666667	3	-209645.1	
8.695652	3	-209630.2	
8.753623	3	-209630.2	
8.768116	3	-209630.2	
8.782609	3	-209630.1	
8.797101	3	-209630.1	
8.811594	3	-209630.1	
8.826087	3	-209498	
8.84058	3	-209498	
8.869565	3	-209144	
8.927536	3	-209136.1	
8.985507	3	-208838.6	
9.057971	3	-205976.4	
9.101449	3	-205908.2	
9.115942	3	-205327.5	
9.144928	3	-205273.5	
9.173913	3	-203925.7	
9.275362	3	-194368.9	
9.376812	3	-192923.6	
9.391304	3	-188771.5	
9.42029	3	-184064.1	
9.652174	3	-184030.9	
9.681159	3	-184029.6	
9.724638	3	-184027.6	
9.753623	3	-184027.6	
9.768116	3	-184027.6	
9.956522	3	-183910.6	
10.04348	3	-182346.5	
10.08696	3	-181892	
10.10145	3	-181637.9	
10.31884	3	-170610.1	
10.42029	3	-169566.8	
10.46377	3	-169472.3	
10.47826	3	-168297	
10.63768	3	-168236.5	
10.68116	3	-168236.4	
10.73913	3	-167219.9	
10.81159	3	-167219.9	
10.82609	3	-167219.9	
11.10145	3	-166232.8	
11.26087	3	-166093.7	
11.31884	3	-161225.9	
11.34783	3	-161103	
11.62319	3	-161101.5	
11.73913	3	-160820.8	
11.89855	3	-160816.9	
11.92754	3	-160812.3	
12.07246	3	-160410.5	
12.10145	3	-159911.9	
12.24638	3	-159784.3	
12.28986	3	-158709.1	
12.31884	3	-158674	
12.47826	3	-156945.9	
12.69565	3	-156933.7	
12.75362	3	-156933.4	
12.78261	3	-156933.3	
12.7971	3	-156933.3	
12.95652	3	-156928.8	
13.10145	3	-156007.3	
13.15942	3	-155364	
13.18841	3	-152479.1	
13.24638	3	-150455.2	
13.30435	3	-150063.8	
13.31884	3	-149964.9	
13.3913	3	-149660.8	
13.62319	3	-149627.3	
13.63768	3	-149625.2	
13.66667	3	-149446.2	
13.68116	3	-149443.8	
13.72464	3	-148521.6	
13.75362	3	-148521.6	
13.76812	3	-148521.6	
13.89855	3	-148520.1	
13.92754	3	-148515.8	
14.04348	3	-148155	
14.08696	3	-146806.7	
14.13043	3	-146725	
14.24638	3	-146682.1	
14.42029	3	-143372.2	
14.56522	3	-142410.7	
14.66667	3	-142354.1	
14.68116	3	-142349.5	
14.72464	3	-142114	
14.75362	3	-142114	
14.76812	3	-142113.9	
14.7971	3	-142113.9	
14.81159	3	-142113.9	
14.82609	3	-142113.8	
14.84058	3	-142113.8	
14.85507	3	-142113.8	
14.89855	3	-142106.1	
14.95652	3	-142104.2	
15.07246	3	-141991.5	
15.08696	3	-141891	
15.13043	3	-141723.2	
15.15942	3	-140105	
15.18841	3	-139824.5	
15.33333	3	-139773.8	
15.4058	3	-139675.5	
15.56522	3	-139435.4	
15.63768	3	-139396.8	
15.65217	3	-139102.6	
15.66667	3	-139076.1	
15.69565	3	-138851.5	
15.75362	3	-138851.4	
15.89855	3	-138821.8	
15.92754	3	-138820.2	
16	3	-138807.3	
16.15942	3	-138795.3	
16.27536	3	-138785.6	
16.57971	3	-138623	
16.62319	3	-138612.8	
16.68116	3	-138612.6	
16.75362	3	-138612.6	
16.78261	3	-138612.6	
16.81159	3	-138612.4	
16.82609	3	-138612.4	
16.84058	3	-138612.3	
16.85507	3	-138612.3	
16.95652	3	-138609.8	
17.05797	3	-138443.7	
17.17391	3	-138288.6	
17.24638	3	-138033.9	
17.34783	3	-138005.1	
17.55072	3	-137132.1	
17.65217	3	-137065.6	
17.72464	3	-136795.8	
17.75362	3	-136795.7	
17.76812	3	-136795.7	
17.78261	3	-136795.7	
17.84058	3	-136795.7	
17.85507	3	-136795.7	
17.92754	3	-136795.7	
18.17391	3	-136765.4	
18.28986	3	-136422.1	
18.31884	3	-135917.2	
18.69565	3	-135912.3	
18.72464	3	-135911.5	
18.89855	3	-135911	
19	3	-135847.7	
19.17391	3	-135822.4	
19.33333	3	-134942.5	
19.55072	3	-134095.1	
19.68116	3	-134095	
19.69565	3	-134086.5	
19.73913	3	-133560.6	
19.89855	3	-133560.3	
20.05797	3	-133472.1	
20.10145	3	-133445.3	
20.14493	3	-133444.3	
20.15942	3	-133123	
20.33333	3	-132653.8	
20.43478	3	-130479.9	
20.65217	3	-130476.6	
20.72464	3	-130476.4	
20.86957	3	-130416.3	
20.89855	3	-130416.2	
20.92754	3	-130414.3	
20.98551	3	-130365.8	
21.04348	3	-130296.7	
21.05797	3	-129557.1	
21.10145	3	-129363.1	
21.52174	3	-129078	
21.62319	3	-129072.6	
21.65217	3	-129054.1	
21.68116	3	-129054	
21.76812	3	-129054	
21.81159	3	-129054	
21.82609	3	-129053.9	
21.84058	3	-129053.9	
21.85507	3	-129053.9	
21.86957	3	-129050.4	
21.89855	3	-128953	
21.95652	3	-128952	
21.98551	3	-128949.8	
22.04348	3	-128578.2	
22.08696	3	-128562.7	
22.11594	3	-128551.6	
22.13043	3	-128311.6	
22.15942	3	-127789.5	
22.24638	3	-127766.7	
22.26087	3	-127741.5	
22.44928	3	-127740.3	
22.47826	3	-126602.3	
22.49275	3	-125530.9	
22.62319	3	-125529.7	
22.63768	3	-125445.5	
22.72464	3	-125441.8	
22.75362	3	-125441.8	
22.86957	3	-125439.6	
22.89855	3	-125432.2	
23.15942	3	-125026.2	
23.28986	3	-124993.7	
23.36232	3	-124992.5	
23.37681	3	-124941.6	
23.5942	3	-124890.2	
23.73913	3	-124518.3	
23.75362	3	-124518.3	
23.97101	3	-124417.4	
23.98551	3	-124416.5	
24	3	-124412.8	
24.14493	3	-124406.5	
24.36232	3	-124380.7	
24.3913	3	-123869.2	
24.53623	3	-123723	
24.62319	3	-123722.6	
24.89855	3	-123687.5	
25.3913	3	-123683	
25.52174	3	-122558.1	
25.53623	3	-122359.6	
25.62319	3	-122358.4	
25.69565	3	-122246.2	
25.89855	3	-121949.4	
25.92754	3	-121718.3	
25.98551	3	-121715.5	
26	3	-121715.2	
26.05797	3	-121694.3	
26.15942	3	-121248.3	
26.46377	3	-120916.1	
26.65217	3	-120913	
26.72464	3	-120912.9	
27.01449	3	-120866.3	
27.21739	3	-120865	
27.31884	3	-120754.1	
27.3913	3	-120457.5	
27.43478	3	-120423.3	
27.62319	3	-120423.2	
27.68116	3	-120423.2	
27.75362	3	-120421.9	
27.76812	3	-120421.9	
27.78261	3	-120421.9	
27.98551	3	-120409	
28	3	-120400.7	
28.15942	3	-120291.6	
28.73913	3	-120208.8	
28.75362	3	-120208.8	
28.82609	3	-120208.8	
30.69565	3	-120208.2	
30.72464	3	-120208.2	
31.36232	3	-120071.2	
31.63768	3	-120071.2	
31.65217	3	-120071.2	
31.72464	3	-120071.2	
31.73913	3	-120057	
31.75362	3	-120057	
32	3	-120055.8	
32.37681	3	-120019.5	
32.65217	3	-120019.5	
32.68116	3	-120019.5	
32.72464	3	-120019.5	
32.73913	3	-119886.5	
32.92754	3	-119655.2	
32.97101	3	-119629.2	
33.08696	3	-119612.6	
33.65217	3	-119602.6	
33.68116	3	-119602.6	
33.72464	3	-119602.6	
33.73913	3	-119601.6	
33.75362	3	-119601.6	
33.76812	3	-119601.6	
33.89855	3	-119599.8	
34.17391	3	-119579	
34.23188	3	-119569.1	
34.53623	3	-119537.5	
34.62319	3	-119537.5	
34.65217	3	-119506.7	
34.68116	3	-119506.4	
34.72464	3	-119506.4	
34.75362	3	-119506.4	
34.76812	3	-119506.4	
34.81159	3	-119506.3	
34.84058	3	-119506.3	
35.23188	3	-119502.9	
35.36232	3	-119490.4	
35.47826	3	-119390.1	
35.62319	3	-119390.1	
35.65217	3	-119386.7	
35.72464	3	-119386.7	
35.73913	3	-119382.3	
35.86957	3	-119382.1	
35.97101	3	-119378.4	
35.98551	3	-119376.5	
36	3	-119372.8	
36.46377	3	-119338.9	
36.53623	3	-119324.6	
36.55072	3	-117703.5	
36.57971	3	-117423.2	
36.62319	3	-117423.2	
36.63768	3	-117384.4	
36.95652	3	-116696.2	
37	3	-116639.9	
37.53623	3	-116609.9	
37.62319	3	-116609.9	
37.65217	3	-116554.1	
37.68116	3	-116552.8	
37.69565	3	-116487.6	
37.73913	3	-116477.2	
37.84058	3	-116477.2	
38.21739	3	-116474.9	
38.57971	3	-116216.8	
38.62319	3	-116216.8	
38.69565	3	-116211.2	
38.72464	3	-116211.2	
38.73913	3	-116209.4	
38.75362	3	-116209.4	
38.76812	3	-116209.4	
38.81159	3	-116209.2	
38.95652	3	-116201.3	
38.97101	3	-116181.3	
38.98551	3	-116180.9	
39.05797	3	-116165.1	
39.21739	3	-116161	
39.4058	3	-116053.5	
39.53623	3	-116053.4	
39.62319	3	-116053.4	
39.68116	3	-116053.4	
39.69565	3	-116001.7	
39.72464	3	-116001.7	
39.75362	3	-116001.7	
39.78261	3	-116001.7	
39.7971	3	-116001.7	
39.95652	3	-116001.6	
40	3	-115970.3	
40.53623	3	-115966.3	
40.55072	3	-115538.3	
40.73913	3	-115527	
40.78261	3	-115527	
40.97101	3	-115526.3	
41.52174	3	-114681.7	
41.53623	3	-114680.1	
41.56522	3	-114316.1	
41.57971	3	-114298.8	
41.6087	3	-114056	
41.62319	3	-114056	
41.65217	3	-113943	
41.69565	3	-113879.6	
41.78261	3	-113879.6	
41.95652	3	-113875.6	
42	3	-113868.8	
42.18841	3	-113662.6	
42.46377	3	-113634.4	
42.6087	3	-113433.4	
42.65217	3	-113276.3	
42.86957	3	-113271	
43	3	-113222.5	
43.53623	3	-113222.4	
43.56522	3	-112997.6	
43.62319	3	-112997.6	
43.63768	3	-112895	
43.65217	3	-112894.8	
43.68116	3	-112783.8	
43.72464	3	-112783.8	
43.73913	3	-112783.3	
44.53623	3	-112783.3	
44.55072	3	-112537.6	
44.63768	3	-112536.6	
44.88406	3	-112451.7	
44.95652	3	-112448	
45.08696	3	-112445.9	
45.2029	3	-112413.3	
45.55072	3	-111967.6	
45.65217	3	-111966.3	
45.68116	3	-111965.8	
45.73913	3	-111965.3	
45.76812	3	-111965.3	
45.98551	3	-111965	
46	3	-111958	
46.17391	3	-111954.8	
46.53623	3	-111954.8	
46.68116	3	-111954.7	
46.72464	3	-111954.7	
46.73913	3	-111954.7	
46.75362	3	-111954.7	
46.97101	3	-111953.7	
47	3	-111953	
47.15942	3	-111933.9	
47.53623	3	-111933.9	
47.57971	3	-111930.6	
47.65217	3	-111926.4	
47.69565	3	-111820.9	
47.75362	3	-111820.9	
47.76812	3	-111820.8	
47.78261	3	-111820.8	
47.98551	3	-111810	
48	3	-111797	
48.18841	3	-111615.2	
48.47826	3	-111128.3	
48.55072	3	-109620.3	
48.62319	3	-109620.3	
48.65217	3	-109568.9	
48.66667	3	-108254.1	
48.68116	3	-108253.2	
48.97101	3	-107953.5	
48.98551	3	-107909.4	
49	3	-107904.8	
49.28986	3	-107884.9	
49.52174	3	-106705	
49.55072	3	-105968.2	
49.65217	3	-105955.9	
49.97101	3	-105946.4	
49.98551	3	-105928.7	
50	3	-105891.6	
50.21739	3	-105856.6	
50.44928	3	-105828.1	
50.57971	3	-105760.4	
50.65217	3	-105640.6	
50.66667	3	-105023	
50.78261	3	-105023	
50.81159	3	-105023	
50.82609	3	-104998.8	
50.84058	3	-104998.8	
50.85507	3	-104983.3	
50.92754	3	-104492.2	
51	3	-104491.7	
51.63768	3	-104491	
51.65217	3	-104266.1	
51.68116	3	-104266.1	
51.75362	3	-104266.1	
51.97101	3	-104265.6	
51.98551	3	-104265.1	
52	3	-104265.1	
52.31884	3	-104261.6	
52.65217	3	-104185.9	
52.85507	3	-104184.7	
52.97101	3	-104181.7	
52.98551	3	-104181.6	
53	3	-104181.6	
53.15942	3	-104092.5	
53.28986	3	-104045.9	
53.47826	3	-103930.8	
53.55072	3	-103003.1	
53.56522	3	-102241.5	
53.6087	3	-101898.1	
53.62319	3	-101777.3	
53.68116	3	-101777.3	
53.69565	3	-101766.7	
53.72464	3	-101766.7	
53.75362	3	-101766.6	
53.88406	3	-100668.1	
53.95652	3	-100663.1	
53.97101	3	-100662.7	
53.98551	3	-100662.2	
54.66667	3	-100569.8	
54.68116	3	-100569.6	
54.73913	3	-100569.6	
54.82609	3	-100560.4	
54.85507	3	-100560.4	
54.92754	3	-100485.1	
54.95652	3	-100483.6	
54.98551	3	-100483.6	
55	3	-100481.6	
55.2029	3	-100467.5	
55.23188	3	-100416.9	
55.52174	3	-100325.2	
55.75362	3	-100325.1	
55.78261	3	-100325.1	
55.95652	3	-100325	
55.97101	3	-100325	
55.98551	3	-100325	
56	3	-100325	
56.55072	3	-100158.1	
56.56522	3	-100122.7	
56.57971	3	-100095.5	
56.6087	3	-99937.77	
56.65217	3	-99924.85	
56.75362	3	-99924.83	
56.81159	3	-99924.83	
56.95652	3	-99924.81	
57.62319	3	-99898.1	
57.65217	3	-99886.63	
57.66667	3	-99801.64	
57.68116	3	-99801.63	
57.7971	3	-99801.63	
57.81159	3	-99801.63	
57.95652	3	-99801.56	
57.97101	3	-99801.56	
58	3	-99795.32	
58.65217	3	-99792.44	
58.68116	3	-99792.44	
58.73913	3	-99792.44	
58.75362	3	-99792.44	
58.97101	3	-99789.85	
58.98551	3	-99789.63	
59	3	-99789.11	
59.53623	3	-99789.11	
59.62319	3	-99786.86	
59.63768	3	-99785.37	
60.46377	3	-99724.76	
60.53623	3	-99724.76	
60.63768	3	-99724.67	
60.69565	3	-99697.89	
60.72464	3	-99697.89	
60.88406	3	-99670.77	
60.95652	3	-99670.74	
60.97101	3	-99669.35	
60.98551	3	-99669.24	
61.13043	3	-99659.29	
61.3913	3	-99652.49	
61.47826	3	-99510.25	
61.53623	3	-99510.25	
61.63768	3	-99502.14	
61.65217	3	-99500.7	
61.66667	3	-99495.52	
61.68116	3	-99495.52	
61.75362	3	-99495.45	
61.76812	3	-99495.44	
61.92754	3	-99392.04	
61.95652	3	-99391.77	
62	3	-99380.12	
62.15942	3	-99320.52	
62.55072	3	-98823.14	
62.56522	3	-98774.15	
62.95652	3	-98772.68	
62.98551	3	-98772.66	
63.50725	3	-98727.59	
63.6087	3	-98654.86	
63.65217	3	-98651.77	
63.69565	3	-98606.57	
63.76812	3	-98606.57	
63.78261	3	-98606.56	
63.84058	3	-98606.53	
64.08696	3	-98604.77	
64.68116	3	-98604.77	
64.82609	3	-98604.67	
64.84058	3	-98604.67	
64.86957	3	-98602.31	
64.92754	3	-98584.49	
64.98551	3	-98584.44	
65.10145	3	-98458.82	
65.33333	3	-98457.61	
65.47826	3	-98454.49	
65.66667	3	-98409.33	
65.98551	3	-98408.8	
66	3	-98405.62	
66.02899	3	-98391.86	
66.36232	3	-98369.02	
66.56522	3	-98218.54	
66.68116	3	-98218.54	
66.73913	3	-98218.54	
66.75362	3	-98218.2	
66.76812	3	-98218.2	
66.78261	3	-98218.19	
66.81159	3	-98218.19	
66.86957	3	-98201.06	
66.97101	3	-98175.38	
67.14493	3	-98174.79	
67.21739	3	-98162.82	
67.49275	3	-98159.73	
67.56522	3	-98058.57	
67.63768	3	-98058.51	
67.65217	3	-98056.96	
67.73913	3	-98056.96	
67.82609	3	-98056.96	
68	3	-98056.68	
68.46377	3	-98055.25	
68.63768	3	-98054.89	
68.65217	3	-98053.49	
68.68116	3	-98053.49	
68.95652	3	-98052.92	
69.33333	3	-98049.66	
69.6087	3	-98048.33	
69.63768	3	-98048.33	
69.75362	3	-98048.31	
69.76812	3	-98048.31	
69.78261	3	-98048.31	
69.88406	3	-98041.24	
69.98551	3	-98040.08	
70	3	-98038.97	
70.04348	3	-98031.16	
70.10145	3	-97878.28	
70.36232	3	-97536.44	
70.52174	3	-97454.29	
71.28986	3	-97448.29	
71.50725	3	-97444.79	
71.56522	3	-97426	
71.57971	3	-97421.56	
71.63768	3	-97421.52	
71.65217	3	-97420.72	
71.68116	3	-97420.72	
71.69565	3	-97412.28	
71.75362	3	-97412.28	
71.95652	3	-97412.25	
71.97101	3	-97401.95	
72	3	-97401	
72.43478	3	-97386.4	
72.50725	3	-97373.66	
72.56522	3	-97335.46	
72.65217	3	-97332.2	
72.75362	3	-97332.2	
73.10145	3	-97286.43	
74.52174	3	-97234.42	
74.63768	3	-97234.42	
74.68116	3	-97234.42	
74.69565	3	-97220.79	
74.75362	3	-97220.79	
75.2029	3	-97206.31	
75.52174	3	-97190.18	
75.63768	3	-97190.18	
75.68116	3	-97190.18	
75.75362	3	-97190.18	
75.76812	3	-97190.17	
75.7971	3	-97190.17	
75.95652	3	-97190.13	
75.97101	3	-97128.05	
75.98551	3	-97127.8	
76.11594	3	-97125.39	
76.26087	3	-97049.58	
76.66667	3	-97045.56	
76.75362	3	-97045.56	
77	3	-97038.38	
77.63768	3	-97038.38	
77.68116	3	-97038.38	
77.76812	3	-97038.38	
77.98551	3	-97037.88	
78	3	-97037.13	
78.56522	3	-97027.19	
78.63768	3	-97027.19	
78.69565	3	-97026.49	
80.28986	3	-97022.1	
80.34783	3	-97016.88	
80.43478	3	-96997.92	
80.52174	3	-96972.88	
80.56522	3	-96902.37	
80.63768	3	-96902.37	
81.55072	3	-96902.25	
81.63768	3	-96902.25	
81.76812	3	-96902.25	
81.78261	3	-96901.39	
81.7971	3	-96901.39	
81.81159	3	-96901.39	
81.88406	3	-96834.6	
81.95652	3	-96834.59	
81.97101	3	-96820.93	
81.98551	3	-96820.51	
82.62319	3	-96798.58	
82.78261	3	-96797.13	
82.7971	3	-96797.13	
82.81159	3	-96797.13	
82.82609	3	-96796.74	
82.95652	3	-96796.73	
83.04348	3	-96796.29	
83.34783	3	-96793.24	
83.52174	3	-96783.88	
83.68116	3	-96783.88	
83.75362	3	-96783.73	
84.30435	3	-96779.58	
84.65217	3	-96770.3	
84.69565	3	-96743.77	
84.72464	3	-96705.62	
84.98551	3	-96705.45	
85.37681	3	-96676.02	
85.4058	3	-96673.33	
85.6087	3	-96638.22	
85.69565	3	-96636.45	
85.75362	3	-96636.4	
87.95652	3	-96630.87	
88.2029	3	-96624.92	
89.01449	3	-96620.53	
89.2029	3	-96619.85	
89.46377	3	-96619.7	
89.56522	3	-96619.02	
89.57971	3	-96617.02	
89.75362	3	-96617	
89.7971	3	-96617	
89.81159	3	-96617	
89.84058	3	-96617	
89.88406	3	-96606.97	
89.92754	3	-96604.78	
90.36232	3	-96603.49	
90.37681	3	-96597.8	
90.43478	3	-96589.36	
91.42029	3	-96575.88	
94.52174	3	-96573.59	
94.65217	3	-96569.32	
94.66667	3	-96525.69	
94.95652	3	-96497.82	
94.98551	3	-96497.53	
95.08696	3	-96494.53	
95.26087	3	-96489.96	
95.50725	3	-96462.15	
95.57971	3	-96438.55	
95.63768	3	-96438.55	
95.98551	3	-96437.46	
96.37681	3	-96436.01	
96.63768	3	-96436.01	
97.44928	3	-96428.73	
97.63768	3	-96428.73	
97.95652	3	-96386.59	
99.65217	3	-96375.3	
99.68116	3	-96375.3	
99.75362	3	-96375.3	
99.76812	3	-96375.3	
99.78261	3	-96375.3	
99.7971	3	-96375.3	
99.81159	3	-96375.3	
99.82609	3	-96375.3	
99.84058	3	-96375.3	
99.98551	3	-96375.3	
100.0145	3	-96369.58	
100.3913	3	-96337.05	
100.5072	3	-96311.14	
100.6957	3	-96308.5	
100.7536	3	-96308.47	
100.7681	3	-96307.71	
101.5072	3	-96304.48	
101.6087	3	-96285.68	
101.6232	3	-96273.91	
101.6377	3	-96273.91	
101.7246	3	-96271.89	
101.7536	3	-96271.88	
101.8116	3	-96271.22	
101.8406	3	-96271.17	
102.1159	3	-96264.9	
102.1304	3	-96262.69	
102.4203	3	-96260.95	
102.4493	3	-96258.35	
102.5072	3	-96250.32	
102.5217	3	-96237.58	
102.5797	3	-96230.85	
102.6087	3	-96229.82	
102.6232	3	-96227.31	
102.6377	3	-96227.31	
102.6667	3	-96224.69	
102.7536	3	-96224.48	
103.7681	3	-96222.78	
103.7826	3	-96222.78	
103.8116	3	-96222.76	
103.8841	3	-96220.38	
103.9275	3	-96209.99	
104.1159	3	-96209.49	
104.3768	3	-96208.3	
104.4058	3	-96207.14	
104.5217	3	-96200.85	
104.5507	3	-96199.56	
104.5797	3	-96188.04	
104.6667	3	-96181.97	
104.7536	3	-96181.95	
104.8261	3	-96181.88	
104.8406	3	-96181.88	
104.8841	3	-96181.1	
104.9275	3	-96172.63	
104.9855	3	-96172.63	
105.087	3	-96172.25	
105.1304	3	-96169.58	
106.029	3	-96166.51	
106.1884	3	-96159.81	
106.2319	3	-96159.14	
106.4638	3	-96156.91	
106.5217	3	-96142.07	
106.6087	3	-96130.19	
107.1304	3	-96126.68	
107.1449	3	-96126.62	
107.2899	3	-96126.54	
107.3188	3	-96109.81	
107.3768	3	-96109	
109.5072	3	-96105.59	
109.5652	3	-96104.98	
109.6667	3	-96099.63	
109.7536	3	-96099.59	
109.7681	3	-96099.59	
109.7826	3	-96099.55	
109.8116	3	-96099.55	
109.8406	3	-96099.55	
113.5072	3	-96068.86	
113.5507	3	-96063.62	
113.6522	3	-96062.06	
113.7536	3	-96062.06	
113.7681	3	-96062.05	
113.9565	3	-96047.97	
114.5217	3	-96036.02	
114.5652	3	-96016.59	
114.6087	3	-96016.59	
114.6522	3	-96016.54	
114.6667	3	-95991.89	
114.8986	3	-95985.19	
114.9275	3	-95978.79	
114.9855	3	-95978.79	
115.2029	3	-95977.07	
115.2319	3	-95977.02	
115.6522	3	-95975.71	
115.6667	3	-95975.22	
115.6957	3	-95974.86	
115.7536	3	-95974.86	
116.0725	3	-95974.37	
116.3333	3	-95960.8	
116.4493	3	-95960.63	
117.5072	3	-95959.05	
117.6377	3	-95955.9	
117.7536	3	-95955.9	
117.7681	3	-95955.9	
117.9565	3	-95954.8	
118	3	-95954.8	
118.2029	3	-95954.22	
118.3043	3	-95951.62	
118.6087	3	-95951.59	
118.7536	3	-95951.59	
118.7681	3	-95951.59	
118.7826	3	-95951.59	
118.7971	3	-95951.59	
119.0145	3	-95949.64	
119.1449	3	-95947.48	
119.2609	3	-95938.09	
119.3333	3	-95928.19	
119.4203	3	-95926.51	
119.4493	3	-95926.5	
119.5797	3	-95916.39	
119.6377	3	-95906.64	
119.6667	3	-95906.26	
119.7246	3	-95905.35	
119.7536	3	-95905.35	
119.7681	3	-95905.34	
119.7826	3	-95905.34	
119.7971	3	-95905.34	
119.8116	3	-95905.34	
121.8406	3	-95901.94	
122.1159	3	-95898.19	
122.5072	3	-95892.8	
122.5652	3	-95891.86	
122.6667	3	-95885.17	
122.8841	3	-95884.33	
122.9275	3	-95883.57	
123.087	3	-95876.28	
123.2029	3	-95874.61	
123.5797	3	-95867.38	
123.9275	3	-95859.11	
124.1449	3	-95853.16	
124.2754	3	-95847.06	
124.4783	3	-95845.15	
124.5217	3	-95842.23	
124.8116	3	-95765.08	
124.8261	3	-95764.9	
124.8696	3	-95757.06	
124.8841	3	-95754.09	
124.8986	3	-95752.15	
124.9855	3	-95752.15	
125	3	-95752.15	
125.058	3	-95750.27	
125.2754	3	-95749.85	
125.3768	3	-95744.86	
125.4058	3	-95744.48	
125.4203	3	-95743.29	
125.5072	3	-95729.82	
125.5507	3	-95726.27	
125.5797	3	-95724.79	
125.6957	3	-95723.6	
125.7681	3	-95723.6	
128.087	3	-95719.61	
128.1739	3	-95719.3	
128.2609	3	-95719.24	
128.2899	3	-95716.84	
128.3623	3	-95712.24	
128.6957	3	-95711.58	
128.7536	3	-95711.54	
128.7681	3	-95711.54	
128.8116	3	-95685.58	
128.8696	3	-95682.3	
129.0725	3	-95682	
129.087	3	-95681.63	
129.1449	3	-95681.15	
129.1739	3	-95680.66	
129.1884	3	-95680.09	
129.4203	3	-95679.21	
129.5072	3	-95665.53	
129.8116	3	-95627.22	
129.8261	3	-95626.96	
129.9275	3	-95613.86	
130.5072	3	-95613.35	
130.6667	3	-95599.9	
130.8116	3	-95583.35	
130.8261	3	-95583.33	
130.9275	3	-95583.06	
130.9855	3	-95583.06	
131.0725	3	-95582.46	
132.1884	3	-95571.57	
132.2029	3	-95570.85	
133.1449	3	-95569.41	
133.2174	3	-95567.32	
133.2609	3	-95566.96	
135.4203	3	-95566.58	
135.5797	3	-95560.61	
135.6812	3	-95558.99	
135.7536	3	-95558.99	
135.7681	3	-95558.99	
135.7826	3	-95558.99	
135.7971	3	-95558.99	
135.8696	3	-95554.04	
136.0725	3	-95548.17	
136.2319	3	-95547.1	
136.4348	3	-95547.03	
136.4493	3	-95540.67	
136.5072	3	-95538.61	
136.5797	3	-95520.41	
137.087	3	-95520.29	
137.9275	3	-95520.06	
138.029	3	-95519.5	
138.058	3	-95519.43	
138.1884	3	-95519.3	
138.2174	3	-95518.52	
138.2319	3	-95517.94	
138.2899	3	-95517.61	
138.8986	3	-95514.33	
139.2609	3	-95514.24	
139.6232	3	-95513.11	
139.6667	3	-95510.96	
139.6812	3	-95510.34	
139.8116	3	-95500.16	
139.8261	3	-95500.16	
139.8841	3	-95494.22	
139.9275	3	-95492.29	
140.1014	3	-95492.27	
140.1159	3	-95492.17	
141.2899	3	-95488.78	
141.3623	3	-95488.13	
141.4058	3	-95484.96	
141.4348	3	-95484.13	
141.4783	3	-95482.6	
141.5507	3	-95479.96	
141.5942	3	-95475.72	
141.6812	3	-95473.35	
143.5942	3	-95469.81	
143.6232	3	-95466.17	
143.6957	3	-95457.07	
143.7391	3	-95455.89	
143.971	3	-95451.99	
143.9855	3	-95451.99	
144	3	-95451.49	
144.029	3	-95451.37	
144.4348	3	-95448.96	
144.4638	3	-95447.15	
145.1449	3	-95444.67	
145.3768	3	-95443.27	
145.4348	3	-95441.12	
145.4493	3	-95440.79	
145.6667	3	-95431.25	
147.0145	3	-95431.18	
147.029	3	-95430.31	
147.058	3	-95427.8	
147.2609	3	-95424.46	
147.3478	3	-95422.97	
147.4058	3	-95421.11	
147.4783	3	-95416.02	
147.6522	3	-95415.68	
150.5942	3	-95414.42	
150.6232	3	-95400.6	
150.6957	3	-95394.89	
150.8986	3	-95393.41	
150.9275	3	-95393.34	
153.2174	3	-95392.8	
153.2464	3	-95388.78	
153.2899	3	-95386.89	
153.3043	3	-95386.23	
153.3913	3	-95385.52	
153.4493	3	-95384.42	
153.5217	3	-95380.41	
153.6522	3	-95376.8	
153.7246	3	-95375.95	
153.7391	3	-95375.95	
153.8986	3	-95374.99	
153.9275	3	-95374.9	
153.971	3	-95373.18	
155.6667	3	-95369.73	
155.7246	3	-95369.25	
155.7391	3	-95369.25	
156.0435	3	-95367.81	
156.0725	3	-95361.26	
157.1594	3	-95359.15	
157.4493	3	-95357.68	
157.4783	3	-95354.7	
157.5217	3	-95347.23	
157.5507	3	-95346.22	
157.6232	3	-95345.05	
158.4493	3	-95344.81	
158.6522	3	-95342.15	
158.6667	3	-95341.98	
158.6812	3	-95341.95	
158.7391	3	-95341.95	
158.8696	3	-95338.58	
159.058	3	-95337.29	
159.087	3	-95337.25	
159.1014	3	-95336.75	
159.1449	3	-95336.64	
159.2319	3	-95334.68	
159.2609	3	-95333.75	
160.5072	3	-95331.67	
160.5942	3	-95325.38	
160.6087	3	-95324.09	
160.6232	3	-95323.44	
161.3043	3	-95322.21	
161.4493	3	-95321.9	
161.5507	3	-95321.09	
161.6232	3	-95318.97	
161.6522	3	-95318.06	
161.6667	3	-95314.99	
161.6812	3	-95314.98	
161.8986	3	-95299.77	
161.9275	3	-95299.48	
161.971	3	-95298.44	
162.029	3	-95297.78	
162.0435	3	-95292.32	
162.058	3	-95289.89	
162.5217	3	-95287.68	
162.5507	3	-95287.45	
162.6087	3	-95285.53	
166.6667	3	-95280.36	
166.6812	3	-95280.36	
166.6957	3	-95279.81	
166.7391	3	-95279.81	
166.8696	3	-95279.15	
166.8841	3	-95278.61	
166.8986	3	-95278.51	
166.9275	3	-95276.64	
167	3	-95276.64	
167.0435	3	-95276.48	
167.058	3	-95276.44	
167.1304	3	-95276.11	
167.2464	3	-95274.31	
167.4348	3	-95273.06	
170.4058	3	-95271.89	
170.4783	3	-95265.93	
172.0435	3	-95263.14	
172.0725	3	-95262.32	
172.1594	3	-95257.16	
172.1739	3	-95255.9	
172.2319	3	-95255.61	
172.3333	3	-95255.26	
172.3623	3	-95253	
173.0145	3	-95251.19	
173.8986	3	-95244.8	
173.9275	3	-95241.27	
173.971	3	-95239.98	
173.9855	3	-95239.77	
174.0435	3	-95239.51	
174.0725	3	-95239.11	
174.087	3	-95238.88	
174.1304	3	-95238.79	
174.1739	3	-95238.55	
174.3623	3	-95235.1	
174.3913	3	-95234.61	
174.4058	3	-95228.5	
174.4493	3	-95228.06	
174.4928	3	-95227.61	
174.5217	3	-95221.27	
174.6232	3	-95219.45	
174.7536	3	-95219.44	
174.7681	3	-95219.43	
174.8841	3	-95218.75	
175.029	3	-95215.73	
179.9275	3	-95215.47	
180.029	3	-95214.2	
180.087	3	-95210.89	
180.1159	3	-95209.01	
180.2174	3	-95204.45	
180.2899	3	-95204.13	
180.3043	3	-95198.82	
180.3768	3	-95198.71	
180.4638	3	-95196.53	
180.5072	3	-95186.21	
181.5072	3	-95179.86	
181.5507	3	-95176.89	
181.5652	3	-95175.26	
181.5942	3	-95171.06	
182.9565	3	-95170.45	
182.971	3	-95169.16	
182.9855	3	-95169.16	
183.0145	3	-95168.91	
183.029	3	-95165.84	
183.058	3	-95165.55	
183.0725	3	-95164.37	
183.1449	3	-95158.56	
188.2754	3	-95158.04	
188.3188	3	-95157.94	
188.3478	3	-95157.15	
188.4348	3	-95155.52	
188.5072	3	-95143.71	
192.3333	3	-95140.98	
192.5507	3	-95137.52	
192.5652	3	-95136.85	
192.6232	3	-95136.8	
192.7971	3	-95136.8	
193.029	3	-95134.62	
193.058	3	-95134.32	
196.4348	3	-95129.32	
196.4493	3	-95128.82	
196.5797	3	-95128.37	
196.5942	3	-95125.85	
196.7246	3	-95124.44	
196.8841	3	-95121.33	
198.3333	3	-95121.29	
198.3478	3	-95120.67	
198.4638	3	-95118.37	
198.5942	3	-95114.58	
201.5507	3	-95113.86	
201.5942	3	-95112.85	
201.6522	3	-95111.69	
201.6667	3	-95108.46	
204.1449	3	-95107.43	
204.1739	3	-95106.69	
204.2029	3	-95103.34	
204.3478	3	-95101.58	
204.3913	3	-95098.77	
204.4058	3	-95097.38	
204.4203	3	-95097.15	
204.6667	3	-95092.77	
204.6957	3	-95087.97	
204.7246	3	-95084.94	
205.1304	3	-95084.73	
207.3478	3	-95079.51	
207.4058	3	-95079.16	
207.4203	3	-95078.54	
207.6232	3	-95077.89	
207.6667	3	-95077.32	
207.6957	3	-95077.05	
207.7536	3	-95076.99	
207.7681	3	-95076.76	
207.7971	3	-95076.43	
207.8261	3	-95076.1	
207.8551	3	-95076.1	
207.8696	3	-95074.88	
207.9855	3	-95074.83	
208.058	3	-95072.2	
208.4638	3	-95064.37	
208.5217	3	-95061.5	
208.5942	3	-95058.56	
213.5072	3	-95053.1	
213.5652	3	-95051.09	
213.5797	3	-95049.57	
213.5942	3	-95044.82	
213.6087	3	-95044.56	
213.6232	3	-95043.86	
213.6522	3	-95042.89	
214.0725	3	-95039.72	
214.1449	3	-95038.09	
214.1594	3	-95036.99	
214.2319	3	-95036.4	
214.3333	3	-95035.43	
216.971	3	-95033.03	
216.9855	3	-95033.02	
217	3	-95032.95	
217.0145	3	-95032.76	
217.4928	3	-95029.44	
217.5217	3	-95022.13	
217.5507	3	-95021.72	
217.5942	3	-95019.86	
217.6232	3	-95016.62	
217.6667	3	-95014.14	
217.7246	3	-95013.07	
217.7536	3	-95013.07	
217.7681	3	-95013.06	
217.7826	3	-95013.06	
217.8116	3	-95009.44	
217.8261	3	-95009.44	
217.8696	3	-95007.39	
217.8986	3	-95007.19	
217.971	3	-95007.14	
218.029	3	-95005.41	
218.3333	3	-95005.23	
218.3913	3	-95004.86	
220.3768	3	-95004.43	
220.4203	3	-94998.15	
221.0725	3	-94996.01	
221.3188	3	-94995.36	
221.3623	3	-94994.64	
221.3913	3	-94994.13	
221.6232	3	-94991.05	
221.6667	3	-94988.45	
221.8841	3	-94987.31	
221.9275	3	-94986.78	
223.6957	3	-94984.41	
223.8261	3	-94984.41	
223.8841	3	-94984.41	
224.058	3	-94984.24	
224.1014	3	-94980.18	
224.1304	3	-94974.13	
224.3768	3	-94973.13	
230.087	3	-94970.68	
234.1594	3	-94970.35	
234.1739	3	-94969.9	
234.1884	3	-94968.74	
234.2029	3	-94968.65	
234.5217	3	-94968.52	
234.5507	3	-94968.23	
234.5797	3	-94968.13	
234.5942	3	-94966.53	
235.6232	3	-94966.01	
235.6522	3	-94963.63	
236.0145	3	-94962.67	
236.3188	3	-94962.2	
236.3333	3	-94955.84	
236.3623	3	-94950.21	
236.4203	3	-94949.99	
236.4348	3	-94947.1	
236.5072	3	-94942.23	
236.5217	3	-94940.85	
236.5507	3	-94940.84	
236.6232	3	-94938.89	
238.5652	3	-94935.1	
239.1014	3	-94935.08	
239.1159	3	-94935.04	
239.1304	3	-94927.95	
239.1449	3	-94924.37	
239.1594	3	-94918.28	
244.4203	3	-94917.32	
244.5507	3	-94917.27	
244.5652	3	-94916.81	
244.5942	3	-94916.77	
244.6232	3	-94916.15	
244.6667	3	-94914.01	
244.6957	3	-94913.79	
245.087	3	-94908.87	
245.1159	3	-94905.15	
249.5072	3	-94904.01	
249.5942	3	-94903.66	
249.6087	3	-94903.12	
249.6232	3	-94901.66	
250.087	3	-94894.69	
250.8841	3	-94892.12	
250.9275	3	-94891.6	
251.0145	3	-94889.27	
251.0725	3	-94887.69	
251.4783	3	-94887.25	
251.4928	3	-94883.36	
251.5217	3	-94883.13	
251.6087	3	-94883.11	
251.6232	3	-94882.42	
251.6667	3	-94876.36	
251.971	3	-94873.55	
252.087	3	-94872.36	
252.2319	3	-94872.18	
252.2609	3	-94871.42	
256.2754	3	-94870.69	
256.3043	3	-94866.82	
256.8116	3	-94865.71	
256.9275	3	-94864.96	
257.029	3	-94852.08	
257.058	3	-94850.39	
257.1159	3	-94850.3	
257.1304	3	-94849.33	
257.1884	3	-94847.75	
257.2029	3	-94844.72	
265.5507	3	-94844.34	
265.5652	3	-94843.64	
266.4928	3	-94841.96	
270.3333	3	-94839.26	
270.3913	3	-94838.64	
270.6232	3	-94835.76	
270.6377	3	-94835.41	
270.6667	3	-94831.73	
270.9275	3	-94831.72	
271.1884	3	-94831.33	
271.2174	3	-94831.24	
271.3768	3	-94831.09	
271.4058	3	-94830.37	
271.4203	3	-94830.36	
271.5217	3	-94826.85	
271.5507	3	-94826.04	
271.6667	3	-94824.72	
271.8841	3	-94818.71	
271.971	3	-94818.11	
272.0145	3	-94810.45	
272.0435	3	-94806.21	
272.2319	3	-94803.86	
272.2464	3	-94803.62	
272.5217	3	-94799.99	
272.5507	3	-94795.87	
272.5797	3	-94795.31	
280.8841	3	-94788.17	
280.8986	3	-94788.09	
280.9275	3	-94785.56	
280.971	3	-94785.41	
281.2754	3	-94783.28	
281.5942	3	-94780.22	
284.4058	3	-94775.51	
284.5217	3	-94772.23	
284.5507	3	-94770.79	
284.6667	3	-94769.09	
284.7826	3	-94769.05	
284.7971	3	-94769.05	
284.8551	3	-94768.96	
285.8696	3	-94768.14	
285.9275	3	-94768.06	
286.058	3	-94763.64	
287.5942	3	-94762.19	
288.1594	3	-94761.48	
288.1884	3	-94758.6	
288.2029	3	-94758.07	
288.2174	3	-94755.53	
288.2609	3	-94752.39	
298.5797	3	-94752.3	
298.5942	3	-94749.15	
298.6522	3	-94748.91	
298.6812	3	-94748.91	
298.7246	3	-94745.21	
298.7536	3	-94745.17	
298.7681	3	-94745.17	
298.7826	3	-94745.16	
298.8261	3	-94745.16	
298.8551	3	-94745.16	
299.5072	3	-94744.22	
304.2029	3	-94743.41	
305.2609	3	-94737.77	
305.2754	3	-94731.73	
305.2899	3	-94731.48	
305.3478	3	-94726.89	
308.1014	3	-94726.15	
308.1594	3	-94725.43	
308.3043	3	-94724.36	
308.3188	3	-94723.96	
308.3623	3	-94723.9	
313.5507	3	-94723.39	
313.6087	3	-94721.87	
313.6812	3	-94721.47	
313.8841	3	-94721.27	
314.2899	3	-94719.13	
314.3623	3	-94717.29	
314.6667	3	-94714.58	
314.6957	3	-94709.68	
314.7246	3	-94709.68	
314.7536	3	-94709.68	
314.7681	3	-94709.67	
314.971	3	-94708.87	
314.9855	3	-94708.87	
315.2319	3	-94708.78	
317.0435	3	-94707.27	
322.1159	3	-94704.65	
322.1884	3	-94700.29	
322.4058	3	-94698.88	
322.6232	3	-94698.69	
322.6377	3	-94698.57	
322.7536	3	-94698.07	
322.8116	3	-94697.77	
322.8261	3	-94697.77	
322.8696	3	-94697.71	
322.8841	3	-94697.6	
323.1159	3	-94695.91	
329.087	3	-94689.52	
329.1014	3	-94683.89	
329.1304	3	-94683.76	
329.4058	3	-94682.86	
329.4638	3	-94681.52	
329.4783	3	-94677.14	
329.5942	3	-94676.9	
330.1449	3	-94676.75	
330.1739	3	-94675.24	
330.2899	3	-94674.83	
331.2319	3	-94672.14	
332.6667	3	-94669.26	
332.6812	3	-94669.26	
332.7246	3	-94669.26	
332.7971	3	-94669.26	
332.9565	3	-94669.09	
333.0435	3	-94664.95	
333.1884	3	-94662.17	
333.4058	3	-94661.77	
333.4348	3	-94661.06	
333.4928	3	-94658.75	
333.6667	3	-94655.49	
333.6812	3	-94655.49	
333.6957	3	-94655.37	
333.7536	3	-94655.37	
333.8986	3	-94654.64	
336.0435	3	-94651.18	
342.087	3	-94648.71	
353.058	3	-94648.3	
353.0725	3	-94648.19	
353.1304	3	-94648.14	
353.2899	3	-94646.43	
353.3188	3	-94644.22	
357.3623	3	-94644.16	
357.3913	3	-94642.81	
357.4493	3	-94642.39	
357.5072	3	-94637.25	
358.3188	3	-94636.33	
358.3333	3	-94635.35	
358.4928	3	-94634.61	
358.5507	3	-94634.22	
358.6667	3	-94633.82	
358.6812	3	-94633.16	
358.7536	3	-94633.1	
358.7681	3	-94633.1	
358.8696	3	-94632.49	
358.8841	3	-94632.23	
358.971	3	-94632.14	
359.0145	3	-94629.6	
359.029	3	-94628.97	
359.6377	3	-94625.21	
359.6522	3	-94624.9	
359.971	3	-94624.16	
360.2174	3	-94623.41	
360.2319	3	-94623.02	
360.2754	3	-94622.8	
370.971	3	-94617.52	
371.058	3	-94617.15	
371.8986	3	-94615.4	
372.0145	3	-94615.22	
374.1594	3	-94613.71	
374.2464	3	-94612.33	
374.2609	3	-94609.61	
374.2754	3	-94609.19	
374.2899	3	-94609.19	
374.3043	3	-94608.62	
374.3188	3	-94607.34	
374.3623	3	-94606.07	
374.3768	3	-94599.96	
374.4638	3	-94599.24	
375.3188	3	-94599.15	
375.3333	3	-94597.38	
387.1014	3	-94591.43	
387.1594	3	-94591.18	
388.4058	3	-94589.91	
388.4203	3	-94589.51	
388.4348	3	-94588.82	
388.4783	3	-94588.29	
388.5507	3	-94588.12	
388.5652	3	-94585	
388.5942	3	-94584.9	
388.8116	3	-94584.03	
388.8261	3	-94584.03	
388.8986	3	-94583.57	
389.4928	3	-94583.42	
389.5072	3	-94579.65	
391.087	3	-94579.29	
395.3188	3	-94577.08	
395.4928	3	-94576.71	
395.5507	3	-94574.02	
396.0435	3	-94572.94	
396.0725	3	-94572.81	
396.1159	3	-94570.22	
396.2174	3	-94568.84	
396.2319	3	-94566.52	
396.2464	3	-94565.05	
396.2754	3	-94564.25	
415.1014	3	-94562.32	
415.1739	3	-94560.56	
415.2029	3	-94559.77	
415.2174	3	-94559.39	
415.2464	3	-94555.09	
415.2609	3	-94555.08	
415.2754	3	-94555.03	
415.3478	3	-94552.51	
415.3913	3	-94552.11	
415.6087	3	-94549.83	
415.6232	3	-94549.82	
415.6377	3	-94549.68	
415.6522	3	-94546.17	
459.3478	3	-94545.11	
459.4493	3	-94543.12	
459.5942	3	-94542.83	
459.6232	3	-94542.83	
459.6522	3	-94542.2	
459.7246	3	-94541.99	
459.7536	3	-94541.99	
459.7681	3	-94541.99	
459.7826	3	-94541.99	
459.8986	3	-94541.91	
484.5797	3	-94541.86	
484.5942	3	-94541.84	
484.6377	3	-94541.51	
485.7391	3	-94539.5	
485.8841	3	-94539.24	
486.029	3	-94538.5	
486.058	3	-94538.04	
486.1159	3	-94537.45	
487.4058	3	-94534.24	
487.4203	3	-94533.24	
487.4493	3	-94531.04	
491.2464	3	-94520.92	
491.3043	3	-94520.52	
491.3333	3	-94519.61	
491.3913	3	-94518.53	
491.4058	3	-94518.47	
491.4928	3	-94518.38	
491.6087	3	-94517.45	
491.6667	3	-94515.97	
491.7246	3	-94515.97	
491.7536	3	-94515.95	
491.7681	3	-94515.95	
491.8116	3	-94515.36	
491.8261	3	-94515.36	
491.8406	3	-94509.62	
492.1014	3	-94508.03	
492.1304	3	-94506.68	
492.1449	3	-94505.66	
496.3623	3	-94505.42	
504.5942	3	-94505.29	
504.6232	3	-94505.16	
504.6957	3	-94504.14	
504.8116	3	-94501.08	
504.8696	3	-94500.94	
505.0145	3	-94499.43	
505.1449	3	-94493.24	
512.9275	3	-94492.97	
525.6957	3	-94488.32	
528.1014	3	-94487.03	
528.1304	3	-94483.79	
528.1594	3	-94476.43	
529	3	-94476.08	
529.0435	3	-94476.03	
529.0725	3	-94472.23	
529.1594	3	-94471.78	
529.1739	3	-94467.88	
529.2464	3	-94465.33	
529.8696	3	-94464.89	
530.1014	3	-94464.57	
532.3333	3	-94460.05	
532.5797	3	-94459.17	
533.1594	3	-94458.91	
533.2174	3	-94458.46	
533.2609	3	-94457.26	
533.2899	3	-94456.94	
533.4058	3	-94455.57	
534.2174	3	-94455.32	
534.2609	3	-94452.42	
534.2899	3	-94451.91	
534.9565	3	-94451.29	
534.971	3	-94447.42	
535	3	-94447.29	
535.1594	3	-94445.42	
535.3333	3	-94443.04	
535.3913	3	-94442.19	
535.8406	3	-94438.27	
535.8551	3	-94438.27	
555.2029	3	-94432.18	
559.4783	3	-94430.68	
559.5652	3	-94428.04	
559.5797	3	-94427.45	
559.8406	3	-94426.97	
559.8986	3	-94419.49	
560.2174	3	-94418.64	
560.2319	3	-94417.73	
560.2464	3	-94415.27	
572.8406	3	-94409.9	
572.8696	3	-94408.24	
572.8841	3	-94408.01	
573.3188	3	-94405.3	
573.3478	3	-94402.62	
573.3913	3	-94401.97	
573.4058	3	-94397.38	
593.029	3	-94396.16	
593.4638	3	-94393.34	
593.4783	3	-94391.72	
608.2754	3	-94390.94	
661.4058	3	-94390.15	
661.6377	3	-94388.98	
661.6522	3	-94388.8	
662.0145	3	-94388.56	
662.0725	3	-94387.16	
662.087	3	-94384.55	
662.1014	3	-94384.16	
662.1159	3	-94383.27	
662.2609	3	-94383.2	
842.6667	3	-94381.19	
842.6812	3	-94381.19	
901.2899	3	-94379.95	
901.6087	3	-94379.86	
901.6232	3	-94379.86	
901.6377	3	-94378.71	
935.5652	3	-94378.09	
935.5797	3	-94362.84	
935.6957	3	-94362.61	
935.9565	3	-94360.54	
936.2464	3	-94358.27	
936.3333	3	-94358.15	
937.7246	3	-94357.46	
937.7536	3	-94357.46	
937.8116	3	-94357.38	
937.8261	3	-94356.78	
938.1304	3	-94354.91	
938.1449	3	-94353.92	
938.1739	3	-94353.44	
938.1884	3	-94353.42	
938.2319	3	-94352.61	
941.3768	3	-94350.03	
941.5507	3	-94349.21	
941.8841	3	-94349.01	
941.8986	3	-94347.77	
941.9275	3	-94346.41	
944.3188	3	-94343.71	
944.3768	3	-94343.16	
946.0145	3	-94342.02	
946.8841	3	-94341.61	
946.9565	3	-94339.84	
949.2174	3	-94338.54	
949.3043	3	-94337.24	
949.3188	3	-94336.09	
949.4783	3	-94336.06	
949.5507	3	-94335.69	
994.029	3	-94335.52	
994.1739	3	-94333.32	
994.1884	3	-94333.27	
994.2609	3	-94331	
994.2754	3	-94330.97	
994.3188	3	-94330.37	
994.4203	3	-94330.04	
995.1304	3	-94329.08	
995.1739	3	-94328.04	
1000	3	-94328.04	
1033.174	3	-94324.59	
1033.217	3	-94324.03	
1034.449	3	-94322.88	
1034.493	3	-94320.83	
1034.594	3	-94320.2	
1035.101	3	-94314.41	
1035.116	3	-94313.86	
1035.13	3	-94313.08	
1035.159	3	-94312.64	
1035.333	3	-94311.91	
1035.348	3	-94306.02	
1035.42	3	-94305.66	
1035.536	3	-94284.12	
1035.551	3	-94279.23	
1035.594	3	-94271.63	
1035.638	3	-94269.37	
1035.667	3	-94267.08	
1035.754	3	-94267.08	
1035.797	3	-94267.08	
1035.826	3	-94263	
1035.884	3	-94262.18	
1035.957	3	-94261.88	
1036.812	3	-94261.67	
1041.899	3	-94261.1	
1047.464	3	-94259.91	
1047.478	3	-94259.56	
1047.493	3	-94258.51	
1047.507	3	-94253.67	
1047.536	3	-94231.34	
1047.565	3	-94224.86	
1047.594	3	-94216.25	
1047.609	3	-94216.2	
1047.652	3	-94215.83	
1049.638	3	-94214.25	
1049.696	3	-94214.16	
1049.739	3	-94214.03	
1049.754	3	-94214.03	
1049.783	3	-94214.03	
1049.797	3	-94213.97	
1049.928	3	-94213.2	
1055.681	3	-94213.04	
1055.696	3	-94212.37	
1056.145	3	-94211.92	
1056.246	3	-94210.61	
1056.464	3	-94203.3	
1056.507	3	-94197.14	
1056.522	3	-94195.57	
1056.551	3	-94194.16	
1056.652	3	-94192.69	
1056.667	3	-94191.53	
1056.754	3	-94191.46	
1056.768	3	-94191.46	
1056.783	3	-94191.43	
1056.797	3	-94191.43	
1056.841	3	-94190.57	
1056.855	3	-94190.57	
1056.928	3	-94190.15	
1057.29	3	-94189.15	
1057.551	3	-94182.02	
1057.565	3	-94178.32	
1058.304	3	-94177.43	
1058.58	3	-94176.62	
1058.594	3	-94175.26	
1059.899	3	-94175.02	
1060	3	-94172.91	
1060.043	3	-94167.29	
1065.58	3	-94164.9	
1065.667	3	-94164.85	
1065.681	3	-94164.68	
1065.696	3	-94160.72	
1065.739	3	-94160.41	
1065.812	3	-94158.47	
1066.072	3	-94158.14	
1066.159	3	-94158.06	
1066.174	3	-94157.54	
1066.493	3	-94156.72	
1066.507	3	-94156.65	
1066.551	3	-94151.4	
1066.58	3	-94150.2	
1066.739	3	-94146.33	
1066.754	3	-94146.33	
1066.768	3	-94146.33	
1066.826	3	-94139.48	
1066.957	3	-94139.42	
1068.232	3	-94132.94	
1068.246	3	-94131.71	
1071.478	3	-94130.15	
1071.565	3	-94129.96	
1071.652	3	-94129.36	
1071.667	3	-94126.31	
1074.174	3	-94124.77	
1080.377	3	-94124.59	
1080.406	3	-94120.34	
1080.536	3	-94119.87	
1080.551	3	-94119.3	
1080.58	3	-94119.29	
1080.609	3	-94118.7	
1080.739	3	-94118.31	
1080.812	3	-94118.25	
1080.884	3	-94118.02	
1081.072	3	-94116.55	
1081.174	3	-94111.36	
1081.217	3	-94110.88	
1081.275	3	-94106.02	
1083.391	3	-94104.14	
1083.406	3	-94101.47	
1083.42	3	-94100.8	
1083.565	3	-94099.55	
1088.174	3	-94099.01	
1088.333	3	-94098.79	
1088.449	3	-94098.6	
1088.551	3	-94093.79	
1088.565	3	-94093.44	
1088.899	3	-94092.17	
1089.536	3	-94090.95	
1089.551	3	-94088.64	
1089.565	3	-94088.59	
1089.899	3	-94088.13	
1089.971	3	-94087.36	
1090.014	3	-94086.7	
1090.058	3	-94086.56	
1090.072	3	-94084.01	
1090.101	3	-94083.26	
1090.188	3	-94082.2	
1090.246	3	-94079.82	
1096.246	3	-94079.4	
1097.232	3	-94074.21	
1097.42	3	-94071.01	
1097.522	3	-94070.71	
1097.87	3	-94068.28	
1098.014	3	-94068.25	
1098.362	3	-94059.44	
1098.406	3	-94057.19	
1098.42	3	-94057.18	
1098.536	3	-94055.23	
1098.551	3	-94054.19	
1099.232	3	-94054.02	
1100.594	3	-94052.51	
1101.058	3	-94049.79	
1101.116	3	-94046.51	
1101.478	3	-94046.08	
1101.493	3	-94044.48	
1104.261	3	-94044.35	
1104.29	3	-94043.25	
1104.348	3	-94043.09	
1104.377	3	-94040.89	
1104.551	3	-94038.1	
1104.971	3	-94037.91	
1105.058	3	-94030.83	
1109.391	3	-94030.59	
1109.406	3	-94020.24	
1110.377	3	-94018.02	
1111.043	3	-94012.86	
1119.058	3	-94010.06	
1123.406	3	-94009.21	
1123.638	3	-94009.14	
1123.87	3	-94007.74	
1123.884	3	-94007.49	
1124.652	3	-94005.01	
1125.203	3	-94004.46	
1125.217	3	-94001.04	
1125.362	3	-93999.94	
1126.536	3	-93997.17	
1126.594	3	-93996.64	
1126.638	3	-93996.48	
1127.159	3	-93993.35	
1127.188	3	-93993.24	
1128.362	3	-93992.77	
1128.507	3	-93992.46	
1128.522	3	-93990.3	
1128.58	3	-93990.08	
1128.841	3	-93986.88	
1130.261	3	-93986.87	
1130.449	3	-93982.27	
1130.522	3	-93982	
1130.58	3	-93981.98	
1130.652	3	-93981.77	
1130.681	3	-93981.77	
1130.957	3	-93979.31	
1131.043	3	-93978.65	
1131.217	3	-93975.51	
1131.377	3	-93974.45	
1131.391	3	-93974.37	
1131.406	3	-93974.35	
1166.594	3	-93972.57	
1166.652	3	-93972.35	
1166.667	3	-93972.28	
1166.681	3	-93972.28	
1166.826	3	-93970.06	
1166.855	3	-93970.06	
1166.87	3	-93969.92	
1166.884	3	-93969.78	
1175.188	3	-93969.35	
1175.246	3	-93969.1	
1175.275	3	-93967.68	
1175.333	3	-93966.01	
1178.304	3	-93965.86	
1178.348	3	-93965.4	
1178.406	3	-93962.67	
1178.42	3	-93961.54	
1178.464	3	-93957.56	
1178.478	3	-93957.54	
1178.551	3	-93953.49	
1178.609	3	-93951.1	
1178.681	3	-93951.01	
1178.725	3	-93950.98	
1179.043	3	-93945.21	
1220.058	3	-93943.84	
1220.087	3	-93941.06	
1220.116	3	-93940.16	
1220.362	3	-93937.37	
1220.391	3	-93936.82	
1220.449	3	-93933.78	
1220.478	3	-93932.94	
1221.319	3	-93931.19	
1243.29	3	-93929.17	
1243.304	3	-93928.56	
1243.797	3	-93928.07	
1244.217	3	-93925.57	
1244.232	3	-93924.57	
1250.667	3	-93922.06	
1250.899	3	-93918.56	
1251.043	3	-93918.46	
1251.058	3	-93915.21	
1344.101	3	-93914.79	
1344.145	3	-93914.56	
1355.101	3	-93914.53	
1356.29	3	-93914.27	
1356.319	3	-93911.3	
1356.362	3	-93910.77	
1356.507	3	-93909.79	
1356.536	3	-93909.72	
1356.652	3	-93908.42	
1356.667	3	-93908.09	
1356.681	3	-93908.09	
1356.754	3	-93908.09	
1356.768	3	-93908.09	
1356.783	3	-93908.09	
1357.232	3	-93904.7	
1357.261	3	-93903.4	
1369.072	3	-93900.01	
1672.058	3	-93899.52	
1794.043	3	-93899.12	
1794.058	3	-93898.62	
1794.087	3	-93898.49	
1802.232	3	-93898.47	
1802.304	3	-93897.83	
1802.333	3	-93897.52	
2000	2.85	-93897.52	
