Note: [none]
Total # of Iterations:	2500	
Sample size:	100550	
Maximum likelihood:	# Parameters:	AIC corr:	AIC:	Slope:	R2:
-94237.45	61	188597	188596.9	0.9994775	0.2400578	
Model:	pg_size_age_nci_climate_model
PDF:	User-defined function
Support interval range:	2

Varying parameters:
Label	MLE	Lower S.I.	Upper S.I.	Std Err	Lower Bound	Upper Bound	Final step size
PG1	68.26778	66.21975	68.95046	N/A	0	250	2.920922	
PG2	55.56479	55.00914	56.67609	N/A	0	250	2.031208	
PG3	66.14753	65.48606	67.47048	N/A	0	250	2.340898	
PG4	88.83018	87.94188	89.71848	N/A	0	250	3.143452	
PG5	62.94966	62.32016	66.09714	N/A	0	250	3.349121	
PG6	87.11687	82.76103	87.98804	N/A	0	250	6.584398	
PG7	62.00714	60.767	62.62721	N/A	0	250	4.013536	
PG8	63.53171	62.8964	64.80235	N/A	0	250	4.072035	
PG9	53.8376	52.76085	54.91435	N/A	0	250	3.419493	
PG10	101.0971	100.0861	105.0861	N/A	0	250	9.59026	
PG11	69.96315	67.86426	70.66279	N/A	0	250	4.026734	
PG12	71.88156	70.44393	74.03801	N/A	0	250	7.27846	
PG13	72.77351	72.04578	74.22898	N/A	0	250	4.27548	
PG14	74.184	73.44216	78.44216	N/A	0	250	4.704902	
PG15	48.11416	48.11416	50.51986	N/A	0	250	3.322173	
PG16	94.22711	93.28484	98.28484	N/A	0	250	8.69666	
PG17	60.12029	57.11428	60.7215	N/A	0	250	4.234998	
PG18	68.56949	67.88379	69.25518	N/A	0	250	1.711171	
PG19	58.31319	57.73005	58.89632	N/A	0	250	1.941741	
PG20	56.4561	55.89154	60.89154	N/A	0	250	5.807731	
PG21	68.44779	67.76331	69.13227	N/A	0	250	2.401481	
PG22	43.50594	43.50594	44.37606	N/A	0	250	1.342359	
PG23	50.23935	49.73696	50.74174	N/A	0	250	1.752233	
PG24	80.75906	78.33629	80.75906	N/A	0	250	4.602958	
PG25	63.2986	62.66561	64.56457	N/A	0	250	2.212422	
PG26	65.93413	65.27479	69.23084	N/A	0	250	4.642903	
PG27	79.28103	76.9026	79.28103	N/A	0	250	3.467847	
PG28	78.25974	77.47714	80.60753	N/A	0	250	3.400836	
PG29	78.20922	77.42713	78.99131	N/A	0	250	3.68125	
PG30	78.43578	78.43578	81.86707	N/A	0	250	2.825956	
PG31	80.82626	76.78495	81.63452	N/A	0	250	7.305196	
PG32	79.39425	77.80637	81.77608	N/A	0	250	6.795673	
PG33	90.42265	87.70997	91.32687	N/A	0	250	6.225558	
sizeX0	5.120191	5.120191	5.222595	N/A	0	100	0.2458947	
sizeXb	0.6381632	0.6253999	0.6445448	N/A	0	1	0.01819642	
ageX0	0.2354867	0.2331319	0.2354867	N/A	0	1	0.009331411	
int	0.1366047	0.1338727	0.1379708	N/A	0	100	0.004791446	
sigma	0.5179065	0.5179065	0.5179065	N/A	0	2	0.007292336	
alpha	1.161041	1.161041	1.161041	N/A	0	4	0.01232617	
beta	0.56735	0.56735	0.5730235	N/A	0	3	0.005394849	
C	63.88901	63.25012	63.88901	N/A	0	1000	0.6626031	
gamma	0.3483952	0.3449112	0.3518791	N/A	-2	2	0.009014878	
D	1	1	1	N/A	1	3	0.1444797	
lambda1	0.07160051	0.06157644	0.07974371	N/A	0	1	0.02218701	
lambda2	0.1268614	0.111638	0.1548018	N/A	0	1	0.04300316	
lambda3	0.3551439	0.3515925	0.3551439	N/A	0	1	0.00536583	
lambda4	3.8583e-09	0	0.0265939	N/A	0	1	1	
lambda5	0.2190954	0.190613	0.2212864	N/A	0	1	0.02602381	
lambda6	0.005186288	0	1	N/A	0	1	1	
temp.a	0.0409957	0.04058574	0.04263553	N/A	0	1	0.002475128	
temp.lag.a	0.18302	0.18302	0.18302	N/A	0	1	0.001528329	
temp.b	1.783488	1.757818	1.901287	N/A	0.5	5000	0.1475411	
temp.lag.b	777.8483	86.00331	5000	N/A	0.5	5000	404	
temp.c	280.3851	280.3851	280.3851	N/A	275.3739	284.1562	0.1908049	
temp.lag.c	282.0504	275.3739	284.1562	N/A	275.3739	284.1562	8.782259	
prec.a	0.05187712	0.04513309	0.0594621	N/A	0	1	0.01872885	
prec.lag.a	0.2085364	0.2085364	0.2085364	N/A	0	1	0.002080837	
prec.b	2.737444	2.396828	3.101636	N/A	0.5	10000	0.9509448	
prec.lag.b	730.9173	723.6082	756.7647	N/A	0.5	10000	49.1148	
prec.c	52.88371	52.35487	52.88371	N/A	0	582.3911	0.8964172	
prec.lag.c	0.2258049	0	10.88846	N/A	0	582.3911	172.5603	

Non-varying parameters:
Label	Value
mean	predicted	
x	incr_mm	
siteplot	stdcode	
log	TRUE	


Annealing regime:
Initial temp	Rt	ns	nt
3	0.95	20	100

Variance - Covariance Matrix:
[could not be calculated - Hessian matrix is singular]

Source data
[Ommitted from results file]

Likelihood History
Iteration	Temperature	Likelihood
0	3	-105990	
0.03278689	3	-105806.4	
0.04918033	3	-105784.6	
0.2459016	3	-105686.9	
0.2786885	3	-105525.1	
0.3934426	3	-105292.6	
0.704918	3	-105231.9	
0.7213115	3	-105231.9	
0.9016393	3	-105231.6	
1.229508	3	-105223	
1.278689	3	-105205.3	
1.557377	3	-105146.7	
1.721311	3	-105146.7	
1.868852	3	-105146	
1.901639	3	-105146	
2.196721	3	-105120.9	
2.245902	3	-105073.7	
2.393443	3	-104176.7	
2.459016	3	-104176.7	
2.508197	3	-104166.5	
2.57377	3	-104155.9	
2.737705	3	-104120.8	
2.868852	3	-104120.3	
2.885246	3	-104119.8	
3.180328	3	-103970.4	
3.409836	3	-103949	
3.704918	3	-103897.5	
3.721311	3	-103897.5	
3.737705	3	-103887.5	
4.557377	3	-103830.2	
4.672131	3	-103488.4	
4.819672	3	-103110.2	
5	3	-103110.2	
5.229508	3	-103098.6	
5.770492	3	-103042.1	
5.852459	3	-102313.6	
5.868852	3	-102307.9	
5.901639	3	-102307.9	
6.868852	3	-102307.9	
6.901639	3	-102307.9	
7.229508	3	-102300.6	
7.508197	3	-102207.2	
7.770492	3	-102176.3	
8.196721	3	-102150.5	
8.868852	3	-102150.3	
8.901639	3	-102150.2	
9.393443	3	-101890.7	
9.459016	3	-101886.6	
9.737705	3	-101883.9	
10.5082	3	-101780.1	
10.70492	3	-101766.3	
11.01639	3	-101494.8	
11.11475	3	-101415.6	
11.19672	3	-101105.4	
11.21311	3	-101065.1	
11.4918	3	-100899.9	
11.72131	3	-100899.9	
11.7377	3	-100876.6	
12.39344	3	-100860	
12.67213	3	-100830.3	
12.70492	3	-100828.6	
12.72131	3	-100828.6	
12.7377	3	-100824.9	
12.77049	3	-100813.9	
13.09836	3	-100811.1	
13.70492	3	-100810.3	
13.7541	3	-100568.8	
14.27869	3	-100548.9	
14.77049	3	-100539.7	
14.86885	3	-100539.7	
14.96721	3	-100533.8	
15.06557	3	-100508.1	
15.70492	3	-100506.6	
15.86885	3	-100506.6	
15.90164	3	-100506.6	
16.03279	3	-100498.4	
16.5082	3	-100488.9	
16.72131	3	-100485.5	
16.77049	3	-100321.4	
17.08197	3	-100259.3	
17.65574	3	-99695.72	
17.72131	3	-99635.66	
17.88525	3	-99564.65	
18.11475	3	-99563.86	
18.4918	3	-99524.31	
18.72131	3	-99478.68	
18.77049	3	-99460.19	
18.85246	3	-99363.21	
18.86885	3	-99362.98	
19	3	-99329.37	
19.54098	3	-99212.77	
19.86885	3	-99212.77	
20.04918	3	-99157.46	
20.70492	3	-99157.42	
20.72131	3	-99150.95	
20.7541	3	-98804.65	
20.77049	3	-98803.28	
21	3	-98783.21	
21.32787	3	-98773.29	
22.42623	3	-98695.97	
22.68852	3	-98526.2	
22.77049	3	-98525.93	
22.96721	3	-98522.34	
23.18033	3	-98522.33	
23.22951	3	-98519.38	
23.77049	3	-98519.38	
23.86885	3	-98519.31	
24.45902	3	-98518.96	
24.70492	3	-98518.96	
26.29508	3	-98500.64	
26.47541	3	-98324.85	
26.70492	3	-98324.85	
26.77049	3	-98324.85	
28.52459	3	-98319.58	
28.62295	3	-97999.4	
28.86885	3	-97998.92	
28.88525	3	-97983.38	
28.90164	3	-97983.38	
29	3	-97973.02	
29.70492	3	-97973.02	
29.7377	3	-97964.38	
29.77049	3	-97964.38	
30.06557	3	-97898.99	
30.19672	3	-97885.82	
30.77049	3	-97885.82	
30.90164	3	-97885.82	
31	3	-97885.42	
31.14754	3	-97868.31	
31.2459	3	-97861.27	
31.70492	3	-97861.27	
32	3	-97853.3	
32.52459	3	-97845.3	
32.7541	3	-97783.05	
32.88525	3	-97781.13	
32.90164	3	-97781.13	
33.06557	3	-97774.64	
33.47541	3	-97663.68	
34.13115	3	-97652.06	
34.42623	3	-97650.86	
34.65574	3	-97483.62	
34.70492	3	-97483.62	
34.7377	3	-97480.6	
35.04918	3	-97478.47	
35.27869	3	-97476.52	
35.39344	3	-97438.19	
35.67213	3	-97391.34	
37.08197	3	-97387.94	
37.19672	3	-97368.45	
37.21311	3	-97366.83	
37.32787	3	-97362.09	
37.47541	3	-97361.4	
38.13115	3	-97351.56	
38.4918	3	-97337.43	
38.70492	3	-97337.43	
39	3	-97337	
39.19672	3	-97336.5	
41.31148	3	-97178.13	
41.36066	3	-97101.12	
41.4918	3	-97098.23	
41.54098	3	-97087.82	
41.86885	3	-97087.82	
42.31148	3	-97085.06	
42.5082	3	-97085.05	
42.65574	3	-96733.3	
42.72131	3	-96733.3	
42.78689	3	-96707.66	
42.90164	3	-96707.66	
43.19672	3	-96705.47	
44.37705	3	-96704.78	
44.39344	3	-96698.42	
44.70492	3	-96698.42	
44.7541	3	-96661.29	
45	3	-96659.05	
45.13115	3	-96644.65	
45.19672	3	-96644.28	
45.36066	3	-96643.4	
45.4918	3	-96641.56	
45.63934	3	-96574.5	
45.65574	3	-96513.32	
45.72131	3	-96513.32	
45.86885	3	-96513.32	
46.06557	3	-96505.28	
46.16393	3	-96505.07	
46.32787	3	-96502.84	
46.57377	3	-96500.32	
46.70492	3	-96500.32	
47.06557	3	-96481.99	
47.14754	3	-96479.22	
47.45902	3	-96471.63	
48.09836	3	-96467.84	
48.14754	3	-96467.09	
48.18033	3	-96461.53	
48.31148	3	-96453.66	
48.77049	3	-96453.66	
48.81967	3	-96428.19	
49.19672	3	-96426.6	
49.5082	3	-96423.96	
49.68852	3	-96361.84	
49.70492	3	-96361.84	
49.86885	3	-96361.8	
49.90164	3	-96361.8	
50	3	-96361.55	
50.34426	3	-96359.14	
50.70492	3	-96359.14	
50.81967	3	-96344.99	
50.86885	3	-96344.99	
50.90164	3	-96344.98	
51	3	-96344.79	
51.11475	3	-96318.51	
51.59016	3	-96307.78	
51.70492	3	-96307.78	
52.42623	3	-96304.92	
52.65574	3	-96268.86	
52.7377	3	-96268.61	
52.88525	3	-96247.7	
52.90164	3	-96247.7	
53	3	-96247.64	
53.06557	3	-96229.42	
53.2459	3	-96224.8	
53.70492	3	-96224.8	
53.88525	3	-96208.16	
54.19672	3	-96201.69	
54.86885	3	-96201.61	
55.09836	3	-96201.07	
55.29508	3	-96192.49	
55.31148	3	-96154.4	
55.81967	3	-96151.51	
55.90164	3	-96151.51	
57.63934	3	-95926.47	
59.13115	3	-95924.21	
59.2623	3	-95921.9	
59.47541	3	-95920.06	
59.7377	3	-95919.77	
59.81967	3	-95913.22	
59.88525	3	-95901.61	
59.90164	3	-95901.59	
60	3	-95901.59	
60.2459	3	-95900.27	
60.44262	3	-95893.77	
60.45902	3	-95893.45	
60.52459	3	-95893.39	
60.54098	3	-95892.55	
60.62295	3	-95892.47	
60.65574	3	-95889.33	
60.68852	3	-95789.81	
60.90164	3	-95789.63	
61	3	-95789.63	
61.01639	3	-95787.12	
61.52459	3	-95786.29	
61.7377	3	-95769.04	
61.77049	3	-95769.02	
61.81967	3	-95768.49	
61.86885	3	-95768.36	
61.90164	3	-95768.36	
62.06557	3	-95755.96	
62.5082	3	-95750.58	
62.52459	3	-95747.04	
63.03279	3	-95746.83	
64.32787	3	-95746.76	
64.63934	3	-95690.06	
64.7541	3	-95680.25	
64.81967	3	-95673.72	
64.86885	3	-95673.72	
65.01639	3	-95673.58	
65.04918	3	-95672.24	
65.7541	3	-95669.58	
66.01639	3	-95669.56	
66.04918	3	-95664.96	
66.08197	3	-95651.45	
66.19672	3	-95651.34	
66.65574	3	-95634.37	
68.04918	3	-95634.26	
68.16393	3	-95634.16	
68.18033	3	-95634.07	
68.42623	3	-95633.66	
68.52459	3	-95632.99	
68.55738	3	-95621.42	
68.7541	3	-95618.3	
68.88525	3	-95607.34	
68.90164	3	-95607.34	
69	3	-95607.34	
69.22951	3	-95602.88	
69.65574	3	-95584.87	
69.77049	3	-95584.87	
69.86885	3	-95584.87	
70.27869	3	-95581.42	
72.22951	3	-95577.45	
72.44262	3	-95575.33	
77.59016	3	-95565.34	
77.68852	3	-95556.46	
77.90164	3	-95556.45	
77.96721	3	-95555.1	
78.03279	3	-95553.8	
78.04918	3	-95552.73	
78.16393	3	-95552.59	
78.21311	3	-95543.41	
78.22951	3	-95543.34	
78.57377	3	-95539.13	
78.68852	3	-95505.76	
78.72131	3	-95494.21	
78.77049	3	-95494.21	
78.86885	3	-95494.21	
78.90164	3	-95494.2	
78.96721	3	-95480.49	
79.29508	3	-95468.26	
79.32787	3	-95467.9	
79.68852	3	-95443.65	
79.7377	3	-95431.53	
79.81967	3	-95394.81	
79.85246	3	-95343.45	
79.86885	3	-95343.45	
80.11475	3	-95343.33	
80.29508	3	-95337.52	
80.31148	3	-95333.02	
80.32787	3	-95332.64	
80.68852	3	-95318.3	
80.88525	3	-95312.09	
80.90164	3	-95312.09	
81.14754	3	-95304.86	
81.31148	3	-95304.83	
81.34426	3	-95302.17	
81.42623	3	-95300.69	
81.83607	3	-95286.68	
83.40984	3	-95283.93	
83.42623	3	-95281.76	
83.54098	3	-95281.27	
83.59016	3	-95273.75	
83.62295	3	-95266.8	
83.63934	3	-95237.79	
83.7377	3	-95237.77	
83.77049	3	-95237.77	
83.90164	3	-95237.76	
84.18033	3	-95237.04	
84.37705	3	-95234.1	
84.47541	3	-95232.57	
84.63934	3	-95222.72	
84.83607	3	-95222.51	
84.86885	3	-95222.51	
85.03279	3	-95218.69	
85.21311	3	-95218.63	
85.57377	3	-95217.52	
85.59016	3	-95208.97	
85.67213	3	-95201.22	
85.83607	3	-95172.12	
85.86885	3	-95172.12	
86.03279	3	-95170.48	
86.2623	3	-95170.39	
86.93443	3	-95147.43	
87	3	-95147.43	
87.57377	3	-95147.3	
88.06557	3	-95146.77	
88.08197	3	-95146.06	
88.18033	3	-95144.23	
88.21311	3	-95140.28	
88.29508	3	-95140.27	
88.34426	3	-95139.74	
88.36066	3	-95138.93	
88.39344	3	-95138.65	
88.44262	3	-95128.29	
88.4918	3	-95127.24	
88.52459	3	-95121.7	
88.7541	3	-95114.46	
88.77049	3	-95114.46	
88.78689	3	-95109.75	
88.86885	3	-95109.75	
88.88525	3	-95103.38	
88.90164	3	-95103.38	
89.88525	3	-95101.63	
90.04918	3	-95100.46	
90.42623	3	-95099.24	
90.44262	3	-95096.98	
90.59016	3	-95091.87	
90.63934	3	-95068.81	
90.7377	3	-95063.69	
90.77049	3	-95063.69	
90.86885	3	-95063.69	
90.88525	3	-95061.51	
90.90164	3	-95061.5	
91	3	-95054.27	
91.09836	3	-95053.59	
91.14754	3	-95053.12	
91.16393	3	-95050.68	
91.18033	3	-95036.47	
91.21311	3	-95035.09	
91.93443	3	-95015.82	
92.63934	3	-95003.88	
92.78689	3	-95003.25	
92.91803	3	-95000.32	
92.98361	3	-95000.07	
93	3	-94995.06	
93.19672	3	-94991.24	
93.22951	3	-94989.89	
94.08197	3	-94988.94	
94.21311	3	-94987.09	
94.36066	3	-94986.47	
94.60656	3	-94961.36	
94.78689	3	-94959.03	
94.95082	3	-94955.72	
95.06557	3	-94955.39	
95.63934	3	-94955.02	
95.65574	3	-94948.07	
95.68852	3	-94946.6	
95.7377	3	-94944.79	
95.95082	3	-94942.04	
96.09836	3	-94941.33	
96.16393	3	-94938.3	
96.18033	3	-94936.04	
96.22951	3	-94935.01	
96.39344	3	-94934.95	
96.4918	3	-94932.73	
96.63934	3	-94922.78	
96.78689	3	-94922.72	
96.83607	3	-94918.98	
96.86885	3	-94918.98	
96.90164	3	-94918.98	
97.34426	3	-94918.38	
99.01639	3	-94916.37	
99.2623	3	-94914.98	
99.40984	3	-94911.78	
99.44262	3	-94902.57	
99.4918	3	-94901.66	
99.52459	3	-94898.99	
99.62295	3	-94897.01	
99.72131	3	-94873.32	
100.082	3	-94869.57	
100.1148	3	-94862.47	
100.4262	3	-94856.28	
100.5082	3	-94855.34	
100.541	3	-94855.31	
100.8197	3	-94849.72	
100.8525	3	-94848.3	
101.0984	3	-94847.48	
101.1148	3	-94847.18	
101.1639	3	-94846.23	
101.8197	3	-94838.1	
101.8689	3	-94837.32	
102.1639	3	-94835.17	
102.2459	3	-94833.66	
102.3279	3	-94833.26	
102.7377	3	-94833.09	
102.7705	3	-94833.09	
102.8852	3	-94832.58	
102.9016	3	-94832.58	
102.9344	3	-94823.33	
103.3443	3	-94822.41	
103.4918	3	-94818.11	
103.5082	3	-94813.74	
103.6557	3	-94809.08	
103.6721	3	-94804.79	
103.7541	3	-94804.71	
103.7869	3	-94804.16	
105.0492	3	-94797.48	
105.0656	3	-94796.2	
105.1639	3	-94794.53	
105.6721	3	-94780.23	
105.6885	3	-94780.03	
107.3934	3	-94778.88	
107.4262	3	-94777.68	
107.459	3	-94777.66	
109.918	3	-94776.98	
110	3	-94776.98	
110.0328	3	-94771.03	
110.0492	3	-94770.02	
110.0656	3	-94769.95	
110.0984	3	-94769.73	
110.1311	3	-94769.52	
110.1639	3	-94767.76	
110.2787	3	-94767.66	
110.4754	3	-94765.3	
114.0492	3	-94762.38	
114.0656	3	-94762.35	
114.3279	3	-94755.8	
114.3607	3	-94754.54	
114.377	3	-94753.44	
114.3934	3	-94753.29	
114.459	3	-94752.96	
114.4918	3	-94743.86	
115.0984	3	-94742.65	
115.1967	3	-94742.61	
115.2295	3	-94741.07	
126.4098	3	-94741.01	
126.459	3	-94740.43	
126.5082	3	-94740.34	
126.7705	3	-94739.82	
126.8361	3	-94738.51	
126.8689	3	-94738.51	
126.8852	3	-94738.5	
126.9016	3	-94738.5	
126.918	3	-94738.5	
126.9508	3	-94738.5	
130.5082	3	-94732.82	
130.5902	3	-94726.13	
130.623	3	-94723.2	
130.6721	3	-94718.23	
130.9672	3	-94717.26	
130.9836	3	-94717.26	
132.541	3	-94716.59	
132.6393	3	-94712.63	
132.7541	3	-94712.52	
132.7705	3	-94712.49	
132.7869	3	-94711.7	
133.2131	3	-94711.34	
133.459	3	-94708.43	
133.4754	3	-94708.07	
135.1148	3	-94707.93	
135.1311	3	-94707.24	
135.1475	3	-94707.13	
135.1639	3	-94705.29	
135.1803	3	-94704.44	
135.2295	3	-94702.36	
135.3279	3	-94696.6	
135.3934	3	-94696.08	
136.6885	3	-94687.59	
137.0328	3	-94687.44	
137.0984	3	-94686.7	
137.1475	3	-94685.25	
137.3279	3	-94684.83	
137.3443	3	-94684.4	
137.3607	3	-94681.89	
137.3934	3	-94681.84	
142.6557	3	-94681.81	
142.8361	3	-94675.24	
142.8689	3	-94675.24	
143.0984	3	-94673.18	
143.1311	3	-94671.26	
143.1475	3	-94669.05	
143.1967	3	-94664.26	
143.2295	3	-94664.23	
143.3934	3	-94663.13	
143.4098	3	-94662.65	
143.459	3	-94662.52	
143.4918	3	-94661.49	
143.5082	3	-94661.47	
143.5738	3	-94661.22	
143.5902	3	-94656.41	
144.377	3	-94655.25	
144.4098	3	-94655.2	
144.4426	3	-94652.51	
144.5902	3	-94651.35	
145.0164	3	-94651.28	
145.0328	3	-94650.78	
148.377	3	-94648.25	
148.5082	3	-94647.99	
148.9344	3	-94645.94	
149.6066	3	-94645.42	
149.623	3	-94640.98	
149.8197	3	-94640.04	
150.0492	3	-94639.03	
150.082	3	-94638.88	
150.1148	3	-94635.13	
150.1311	3	-94631.44	
150.2951	3	-94630.97	
150.3443	3	-94629.07	
150.3607	3	-94628.71	
150.3934	3	-94628.29	
153.8361	3	-94627.61	
154.1967	3	-94627.47	
154.2951	3	-94624.97	
154.5082	3	-94623.61	
154.5246	3	-94621.44	
154.541	3	-94621.13	
154.6066	3	-94606.23	
154.623	3	-94605.72	
154.6557	3	-94605.34	
155.623	3	-94601.8	
160.6066	3	-94598.42	
160.6557	3	-94591.49	
160.8197	3	-94590.95	
161.3607	3	-94590.32	
161.377	3	-94590.09	
161.623	3	-94585.72	
161.6393	3	-94582.61	
161.6721	3	-94581.86	
161.7377	3	-94579.81	
161.8689	3	-94579.81	
162.4262	3	-94579.41	
162.541	3	-94578.65	
162.5574	3	-94571.61	
164.4426	3	-94571.46	
164.5738	3	-94569.57	
164.6066	3	-94564.32	
164.623	3	-94558.87	
164.7541	3	-94556.05	
164.8197	3	-94548.21	
165.6393	3	-94544.74	
166.0984	3	-94542.7	
166.1639	3	-94539.17	
166.1803	3	-94538.52	
166.1967	3	-94538.04	
166.3607	3	-94535.43	
166.5902	3	-94534.78	
166.6557	3	-94528.72	
167.082	3	-94526.54	
167.2459	3	-94523.83	
167.2623	3	-94523.32	
167.5574	3	-94521.32	
167.8361	3	-94520.02	
167.8689	3	-94520.02	
167.9016	3	-94520.02	
168.0492	3	-94519.76	
168.0656	3	-94519.02	
168.2131	3	-94518.07	
175.8197	3	-94517.63	
175.8361	3	-94513.6	
183.7869	3	-94511.13	
184.082	3	-94510.16	
184.0984	3	-94510.02	
184.1803	3	-94507.96	
184.2787	3	-94507.6	
184.2951	3	-94506.54	
184.3115	3	-94505.95	
184.3934	3	-94505.1	
184.4098	3	-94504.21	
188.8197	3	-94503.79	
190.377	3	-94501.3	
190.4098	3	-94496.36	
192.4426	3	-94492.54	
193.2623	3	-94489.91	
193.3115	3	-94487.47	
193.3607	3	-94486.55	
194.0984	3	-94486.03	
197.2295	3	-94485.99	
197.2623	3	-94484.68	
197.2787	3	-94484.36	
197.3607	3	-94482.23	
197.3934	3	-94481.14	
197.4098	3	-94480.46	
197.4754	3	-94479.8	
200.3607	3	-94474.86	
214.4098	3	-94468.86	
214.459	3	-94464.55	
214.4754	3	-94464.34	
214.4918	3	-94464.17	
214.5082	3	-94461.72	
214.541	3	-94458.83	
215.2131	3	-94458.57	
215.2951	3	-94458.04	
217.541	3	-94457.49	
225.6393	3	-94456.18	
225.6721	3	-94455.27	
225.8852	3	-94454.74	
225.9344	3	-94454.47	
225.9672	3	-94453.12	
226.0328	3	-94451.43	
232.3279	3	-94450.57	
232.3443	3	-94449.29	
232.377	3	-94448.87	
232.4098	3	-94447.87	
232.4262	3	-94445.58	
232.7213	3	-94445.06	
232.8361	3	-94443.17	
232.8525	3	-94440.01	
232.8689	3	-94440.01	
232.9016	3	-94440.01	
237.1639	3	-94438.86	
237.2623	3	-94438.68	
237.3115	3	-94438.62	
237.3934	3	-94437.07	
237.459	3	-94436.01	
237.5246	3	-94435.25	
237.5574	3	-94435.24	
237.5738	3	-94435.13	
238.1475	3	-94434.63	
238.1639	3	-94433.77	
238.3607	3	-94432.65	
238.377	3	-94431.13	
238.4262	3	-94431.1	
238.4426	3	-94430.74	
238.459	3	-94430.73	
238.4754	3	-94430.33	
238.6885	3	-94428.91	
238.7213	3	-94428.36	
238.7541	3	-94426.46	
238.7869	3	-94426.17	
273.2787	3	-94424.46	
322.6557	3	-94423.46	
324.2951	3	-94420.67	
324.377	3	-94420.39	
324.4754	3	-94419.4	
324.5574	3	-94419	
324.6721	3	-94417.44	
324.7377	3	-94417.38	
331.7869	3	-94416.38	
331.8197	3	-94414.45	
332.2459	3	-94412.86	
390.7541	3	-94410.68	
534.9672	3	-94404.09	
535.0328	3	-94403.26	
535.0656	3	-94402.98	
564.5738	3	-94399.86	
564.6885	3	-94399.41	
564.7541	3	-94399.22	
577.2295	3	-94395.77	
577.2623	3	-94393.14	
668.0492	3	-94392.8	
668.082	3	-94392.21	
668.2131	3	-94388.66	
692.9672	3	-94388.34	
693	3	-94388.34	
693.0164	3	-94386.73	
693.0328	3	-94385.71	
743.459	3	-94380.9	
743.4918	3	-94379.63	
744.6066	3	-94379.49	
744.6557	3	-94379.37	
745.459	3	-94378.72	
745.7541	3	-94377.59	
745.8852	3	-94377.07	
745.9344	3	-94376.88	
746	3	-94376.88	
746.0164	3	-94376.77	
746.7377	3	-94374.56	
747.2459	3	-94373.6	
747.2951	3	-94372.37	
747.7869	3	-94371.34	
747.8197	3	-94371.2	
747.8361	3	-94370.34	
931.7869	3	-94370.15	
931.8197	3	-94369.67	
931.8361	3	-94369.55	
931.8852	3	-94369.37	
932.082	3	-94369.01	
1000	3	-94369.01	
1084.836	3	-94368.44	
1084.869	3	-94368.44	
1084.902	3	-94368.44	
1127.279	3	-94368.42	
1127.344	3	-94368.4	
1127.393	3	-94367.81	
1137.033	3	-94367.81	
1150.033	3	-94366.99	
1150.148	3	-94365.18	
1150.213	3	-94363.55	
1150.246	3	-94363.31	
1150.344	3	-94362.97	
1150.361	3	-94361.95	
1150.508	3	-94360.82	
1150.59	3	-94360.51	
1150.852	3	-94360.4	
1299.967	3	-94359.98	
1300.115	3	-94359.28	
1300.148	3	-94358.55	
1300.197	3	-94358.07	
1300.262	3	-94357.21	
1300.328	3	-94354.79	
1300.344	3	-94354.65	
1300.377	3	-94354.19	
1300.426	3	-94354.06	
1300.443	3	-94353.4	
1699.262	3	-94350.46	
1699.328	3	-94349.77	
1699.721	3	-94348.3	
1699.77	3	-94348.3	
1699.82	3	-94347.47	
1699.852	3	-94346.94	
1699.869	3	-94346.22	
1700.066	3	-94346.14	
1712.984	3	-94317.52	
1713.23	3	-94313	
1713.246	3	-94310.49	
1713.361	3	-94310.48	
1713.377	3	-94305.46	
1713.459	3	-94303.19	
1713.475	3	-94302.07	
1713.508	3	-94298.25	
1713.525	3	-94297.34	
1713.574	3	-94297.28	
1713.721	3	-94296.71	
1713.787	3	-94296.54	
1713.934	3	-94295.55	
1713.967	3	-94294.75	
1714.033	3	-94293.85	
1714.049	3	-94291.69	
1714.082	3	-94289.53	
1716.098	3	-94287.61	
1716.148	3	-94286.96	
1716.197	3	-94286.85	
1716.492	3	-94286.76	
1716.607	3	-94285.79	
1716.689	3	-94284.73	
1716.705	3	-94284.73	
1716.721	3	-94284.68	
1716.738	3	-94284.02	
1717.016	3	-94282.27	
1747.262	3	-94281.91	
1756.279	3	-94281.72	
1756.295	3	-94279.17	
1756.459	3	-94276.53	
1756.525	3	-94273.85	
1756.557	3	-94273.02	
1756.59	3	-94267.67	
1769.41	3	-94267.58	
1769.426	3	-94265.71	
1770.508	3	-94264.98	
1770.607	3	-94258.54	
1770.836	3	-94258.52	
1770.902	3	-94258.52	
1771.016	3	-94252.66	
1771.049	3	-94251.75	
1837.344	3	-94242	
1837.426	3	-94240.53	
1838.279	3	-94240.52	
1838.393	3	-94239.26	
2000	2.85	-94239.26	
2000.967	2.85	-94237.45	
